Parameter,Value
Generation,13
Best Fitness,1.1063357326191094
Genome,"[2, 2, 2, 2, 2, 0, 3, 0, 1, 1, 1, 0, 2, 3, 3, 1, 2, 1, 2, 2, 2, 3, 2, 1, 2, 0, 1]"

Frequency,T,R,L
0.055,0.1547615127743464,0.3798014491880806,0.4654370380375729
0.05550505050505051,0.13848118232636014,0.39174075925102536,0.46977805842261455
0.05601010101010101,0.1258363323224006,0.40216191644068167,0.4720017512369178
0.05651515151515152,0.11625902812320948,0.4117097532660522,0.4720312186107384
0.05702020202020202,0.10915245369474504,0.42095077090870364,0.46989677539655134
0.05752525252525253,0.10395532602082413,0.4303658569651299,0.46567881701404595
0.05803030303030303,0.10017504817090829,0.44034272676642666,0.45948222506266506
0.05853535353535354,0.09740319045591794,0.45116199727747464,0.4514348122666074
0.05904040404040404,0.09531458740261449,0.4630034126010281,0.44168199999635743
0.05954545454545455,0.09365410686601683,0.4759718938546816,0.4303739992793016
0.06005050505050505,0.09222160477739368,0.49011552386211454,0.41766287136049174
0.06055555555555556,0.0908615629166148,0.5054245749477725,0.40371386213561267
0.061060606060606065,0.08945540723830273,0.5218295347071812,0.3887150580545161
0.06156565656565657,0.08791333795624034,0.5392121067214134,0.37287455532234626
0.062070707070707075,0.0861671498985946,0.5574192027134195,0.35641364738798587
0.06257575757575758,0.08416671517764887,0.5762663738859936,0.3395669109363576
0.06308080808080808,0.08187913831484897,0.5955362894262033,0.32258457225894777
0.06358585858585859,0.07928762193557869,0.6149866932678869,0.3057256847965344
0.06409090909090909,0.07638946081278704,0.63436794841116,0.28924259077605297
0.0645959595959596,0.07319478561962757,0.6534373042333846,0.2733679101469878
0.0651010101010101,0.06972638008007094,0.6719650328205827,0.25830858709934634
0.06560606060606061,0.06601889561931817,0.6897415175391494,0.24423958684153246
0.06611111111111112,0.06211652711279533,0.7065914072095765,0.23129206567762817
0.06661616161616161,0.0580702394532133,0.7223869148386632,0.21954284570812344
0.06712121212121212,0.05393566938969595,0.7370503156521208,0.20901401495818328
0.06762626262626263,0.04977123377278701,0.7505484499543095,0.1996803162729035
0.06813131313131314,0.045635622129627226,0.7628890122735469,0.19147536559682587
0.06863636363636363,0.04158515933540943,0.7741194829589729,0.18429535770561767
0.06914141414141414,0.03767213130264047,0.7843202117955966,0.1780076569017629
0.06964646464646465,0.033944102838892154,0.7935886015211077,0.17246729564000018
0.07015151515151516,0.030443343574088153,0.8020225979960023,0.16753405842990954
0.07065656565656567,0.027206071575514985,0.8097109033679143,0.16308302505657069
0.07116161616161616,0.024262104067630116,0.8167261272658431,0.15901176866652678
0.07166666666666667,0.021635147346449904,0.8231133108191714,0.15525154183437873
0.07217171717171718,0.01934303750157811,0.8288755925023619,0.15178136999606007
0.07267676767676767,0.017397321087428454,0.8339664004570021,0.14863627845556948
0.07318181818181818,0.01580247951767662,0.8382917467252662,0.14590577375705716
0.07368686868686869,0.014555385918296944,0.8417164152152542,0.14372819886644883
0.0741919191919192,0.013644951802145422,0.8440694768106326,0.14228557138722198
0.0746969696969697,0.013051627780665454,0.8451547798358723,0.14179359238346223
0.07520202020202021,0.01274707651647371,0.8447740391350217,0.14247888434850464
0.07570707070707071,0.01269489063737892,0.8427590951266427,0.14454601423597835
0.07621212121212122,0.01285272888788391,0.8390007819942593,0.14814648911785677
0.07671717171717173,0.013175359636021892,0.8334668893746862,0.15335775098929194
0.07722222222222222,0.013617976725214486,0.8262121640774269,0.1601698591973586
0.07772727272727273,0.01413958510928805,0.8173832448904602,0.16847717000025175
0.07823232323232324,0.014706196666699246,0.8072126648304079,0.17808113850289287
0.07873737373737374,0.01529302883152759,0.79599555459655,0.18871141657192236
0.07924242424242425,0.015884952667326962,0.7840555751889554,0.20005947214371766
0.07974747474747476,0.01647538880108392,0.7717162379060536,0.2118083732928625
0.08025252525252526,0.01706455518803478,0.7592856876864016,0.22364975712556368
0.08075757575757576,0.01765760523506208,0.7470477514642232,0.2352946433007147
0.08126262626262627,0.01826255587067571,0.7352508884729281,0.2464865556563962
0.08176767676767677,0.018888080551777278,0.7240999106279401,0.25701200882028263
0.08227272727272728,0.019541814168978273,0.7137609247474945,0.2666972610835272
0.08277777777777778,0.02022960014705852,0.7043768658135039,0.27539353403943756
0.08328282828282829,0.020955230889681084,0.6960777790540777,0.28296699005624115
0.0837878787878788,0.021720031565287942,0.688978100039211,0.2893018683955011
0.0842929292929293,0.02252243609760095,0.6831728098041062,0.2943047540982928
0.0847979797979798,0.02335815960499931,0.678746160584538,0.2978956798104627
0.08530303030303031,0.024220861934120163,0.6757859246271529,0.29999321343872687
0.08580808080808082,0.025102489735800586,0.6743834245558411,0.30051408570835836
0.08631313131313131,0.025993069132832513,0.674616956606042,0.29938997426112546
0.08681818181818182,0.02688074136054957,0.676540534170941,0.2965787244685095
0.08732323232323233,0.02775254750820256,0.6801929791919995,0.29205447329979795
0.08782828282828284,0.028595226904022747,0.6856099092358356,0.28579486386014163
0.08833333333333335,0.029395201867759527,0.6928112661405694,0.277793531991671
0.08883838383838386,0.03013833103788839,0.7017705837127406,0.268091085249371
0.08934343434343435,0.030810615158781904,0.7124035610704081,0.25678582377080994
0.08984848484848486,0.03139957910789525,0.7245906578604611,0.24400976303164368
0.09035353535353535,0.03189479634795704,0.7381962288511164,0.22990897480092665
0.09085858585858586,0.032287311928075026,0.7530444073215454,0.21466828075037958
0.09136363636363637,0.03256971701584845,0.7688767776264718,0.1985535053576798
0.09186868686868688,0.032737765448313784,0.7853593378898528,0.18190289666183346
0.09237373737373739,0.03279158514971947,0.8021479576026352,0.1650604572476453
0.0928787878787879,0.03273454046692254,0.8189283623836462,0.14833709714943122
0.0933838383838384,0.032571478777351136,0.8353645366386372,0.1320639845840117
0.0938888888888889,0.032309594904497384,0.8510275142823787,0.11666289081312398
0.0943939393939394,0.03196088177147471,0.8654437468838494,0.10259537134467589
0.0948989898989899,0.031541292413913714,0.8782529245609237,0.09020578302516258
0.09540404040404041,0.031066001995969962,0.8892619464565362,0.0796720515474938
0.09590909090909092,0.03054770625021606,0.8982527379526383,0.07119955579714565
0.09641414141414142,0.030002482586238027,0.9047658881033183,0.06523162931044368
0.09691919191919193,0.029454970162568463,0.908276518988962,0.062268510848469516
0.09742424242424244,0.028930239751216953,0.9087853822550291,0.06228437799375386
0.09792929292929294,0.02843612679402745,0.9071797811239987,0.06438409208197393
0.09843434343434344,0.027958664241662396,0.9046662993150794,0.06737503644325826
0.09893939393939395,0.0274843826737616,0.901515689670502,0.07099992765573637
0.09944444444444445,0.027029745163312798,0.8963857980879468,0.07658445674874037
0.09994949494949495,0.026642185496328276,0.8872257077955322,0.08613210670813953
0.10045454545454546,0.026366712457155505,0.8731286772369353,0.10050461030590918
0.10095959595959597,0.026214787155540244,0.8552259409799295,0.11855927186453019
0.10146464646464648,0.02617156516071719,0.8355230110991402,0.13830542374014265
0.10196969696969699,0.02623015304234474,0.8148766880161632,0.15889315894149203
0.10247474747474748,0.02640848327307052,0.792432736225323,0.1811587805016065
0.10297979797979799,0.026730718425712587,0.7671810011200015,0.20608828045428584
0.10348484848484849,0.027204425649533136,0.73963314434553,0.23316243000493686
0.103989898989899,0.02782764815197532,0.7113741215435213,0.26079823030450333
0.1044949494949495,0.028613251485413643,0.6830082129952245,0.2883785355193619
0.10500000000000001,0.02959131385963609,0.6533539569088553,0.31705472923150857
