Parameter,Value
Generation,8
Best Fitness,1.0408647559799595
Genome,"[2, 2, 2, 2, 2, 2, 1, 0, 3, 0, 2, 0, 2, 2, 1, 1, 1, 2, 0, 2, 2, 3, 1, 2, 1, 3, 1]"

Frequency,T,R,L
0.055,0.12308538378579492,0.34670559858834654,0.5302090176258585
0.05550505050505051,0.11981658770142437,0.34900385789445815,0.5311795544041176
0.05601010101010101,0.11810768083812419,0.3511446234327784,0.5307476957290974
0.05651515151515152,0.11784118790585178,0.35530948169151827,0.52684933040263
0.05702020202020202,0.11829087253186123,0.3623536323573371,0.5193554951108017
0.05752525252525253,0.1186927244981729,0.3717074215033323,0.5095998539984947
0.05803030303030303,0.11873162790425078,0.38230944182161525,0.498958930274134
0.05853535353535354,0.11851252770059896,0.3935678991767496,0.48791957312265144
0.05904040404040404,0.1182084325332666,0.40564964016032423,0.47614192730640914
0.05954545454545455,0.11779953493754272,0.4190980360828614,0.4631024289795959
0.06005050505050505,0.11709564245534386,0.4342616490178866,0.4486427085267695
0.06055555555555556,0.11592121343159166,0.4510081133799996,0.43307067318840875
0.061060606060606065,0.11424088023536677,0.4688549281972094,0.41690419156742387
0.06156565656565657,0.1121289952517747,0.4873091710938616,0.4005618336543637
0.062070707070707075,0.109656114595379,0.5061102128860842,0.3842336725185369
0.06257575757575758,0.10681798917384425,0.5252184453186556,0.3679635655075002
0.06308080808080808,0.10355888624021121,0.5446199534100309,0.35182116034975786
0.06358585858585859,0.09984284412691419,0.5641398094080746,0.33601734646501125
0.06409090909090909,0.0956967438204506,0.5834097597443686,0.32089349643518084
0.0645959595959596,0.09119475635086516,0.6019904885802969,0.30681475506883793
0.0651010101010101,0.08641387455408167,0.6195321507581067,0.2940539746878116
0.06560606060606061,0.08140772022998076,0.635850331255605,0.28274194851441425
0.06611111111111112,0.07621644191644951,0.6508818476755399,0.2729017104080106
0.06661616161616161,0.07089289981077544,0.6645825896609402,0.2645245105282844
0.06712121212121212,0.0655154268377407,0.6768617429304395,0.25762283023181975
0.06762626262626263,0.06017700929645034,0.6876003570757618,0.25222263362778785
0.06813131313131314,0.05496449077359405,0.6967264583422962,0.24830905088410982
0.06863636363636363,0.04994687714606842,0.7042770570210313,0.24577606583290035
0.06914141414141414,0.04517891858629237,0.7103962611318524,0.2444248202818552
0.06964646464646465,0.04071136323877492,0.7152743204945979,0.24401431626662717
0.07015151515151516,0.0365963185360613,0.719076626856198,0.24432705460774073
0.07065656565656567,0.032884274577274275,0.7219124548507925,0.24520327057193325
0.07116161616161616,0.029618038474616533,0.7238561536143981,0.24652580791098533
0.07166666666666667,0.026830150349223054,0.7249918307909397,0.24817801885983726
0.07217171717171718,0.024545413920287296,0.7254383717535992,0.25001621432611354
0.07267676767676767,0.022785443070635927,0.7253322411880071,0.251882315741357
0.07318181818181818,0.021571788557765436,0.7247813827768385,0.2536468286653961
0.07368686868686869,0.020926925980142366,0.7238258710471192,0.2552472029727385
0.0741919191919192,0.020874350292837764,0.7224338909689498,0.25669175873821237
0.0746969696969697,0.021438622469862324,0.7205326187432303,0.25802875878690745
0.07520202020202021,0.022645108480900244,0.7180461598828861,0.2593087316362136
0.07570707070707071,0.02451939780309991,0.7149079955408894,0.2605726066560108
0.07621212121212122,0.027087593401926374,0.71103653698088,0.26187586961719367
0.07671717171717173,0.030378558352569855,0.7062927109644316,0.26332873068299856
0.07722222222222222,0.03442682195573954,0.7004543125850329,0.2651188654592276
0.07772727272727273,0.039272368358422044,0.6932305239340604,0.26749710770751756
0.07823232323232324,0.044954214359206525,0.6843100414682958,0.2707357441724977
0.07873737373737374,0.051498802640142845,0.6734118759682587,0.2750893213915985
0.07924242424242425,0.05890763117268479,0.660310986442134,0.28078138238518113
0.07974747474747476,0.06714629470918236,0.6448431481875632,0.2880105571032545
0.08025252525252526,0.07612951332821576,0.6269317780810068,0.29693870859077753
0.08075757575757576,0.08569130895662153,0.6066899743512945,0.30761871669208396
0.08126262626262627,0.09553566669556948,0.5846135288452642,0.31985080445916636
0.08176767676767677,0.10518251011270698,0.5618071268609977,0.3330103630262954
0.08227272727272728,0.11394542270708784,0.5401190934762412,0.34593548381667094
0.08277777777777778,0.12098254566826043,0.5220497693987308,0.3569676849330088
0.08328282828282829,0.12543825987412666,0.5103692921580879,0.3641924479677855
0.0837878787878788,0.12664720676186228,0.5075100775143628,0.3658427157237749
0.0842929292929293,0.12432908091147796,0.5149249711405697,0.36074594794795234
0.0847979797979798,0.11869126175386643,0.5326531048017952,0.34865563344433836
0.08530303030303031,0.11038911403463555,0.5592743324117634,0.33033655355360103
0.08580808080808082,0.10035598056068566,0.5922806397541136,0.3073633796852008
0.08631313131313131,0.08957239112061464,0.6287212494355862,0.2817063594437992
0.08681818181818182,0.07886475595939843,0.6658729158279786,0.25526232821262296
0.08732323232323233,0.068798347228063,0.701699930766059,0.22950172200587804
0.08782828282828284,0.05967608702612033,0.7349883151658202,0.20533559780805943
0.08833333333333335,0.05160641717071256,0.7651976656333455,0.18319591719594197
0.08883838383838386,0.044585701236534624,0.7921869460769241,0.16322735268654132
0.08934343434343435,0.0385561513340825,0.8159835566631829,0.14546029200273458
0.08984848484848486,0.033431333651966516,0.8366856137528701,0.12988305259516342
0.09035353535353535,0.02910450024675689,0.8544758505238639,0.1164196492293792
0.09085858585858586,0.02545795540027285,0.8696551113417423,0.10488693325798482
0.09136363636363637,0.022379128594622037,0.8826133941200931,0.09500747728528491
0.09186868686868688,0.019775699687026253,0.8937287747395252,0.08649552557344853
0.09237373737373739,0.017579635946636727,0.9032590971001857,0.0791612669531776
0.0928787878787879,0.01573856294727373,0.9113093100296937,0.07295212702303255
0.0933838383838384,0.01420319949119389,0.9179041479958674,0.06789265251293874
0.0938888888888889,0.012921971837288255,0.9231123228064985,0.06396570535621326
0.0943939393939394,0.011846549803990284,0.927121482939244,0.06103196725676574
0.0948989898989899,0.010941776351855647,0.9301952386210686,0.058862985027075765
0.09540404040404041,0.01018943724941826,0.93253662606301,0.05727393668757175
0.09590909090909092,0.009581048045578317,0.9341664866735293,0.05625246528089234
0.09641414141414142,0.009105256785328709,0.934928679917392,0.05596606329727927
0.09691919191919193,0.008741203005826361,0.9346418212251097,0.05661697576906388
0.09742424242424244,0.008464562284254195,0.9332920370845655,0.058243400631180275
0.09792929292929294,0.008261344792801155,0.9311044144842213,0.06063424072297752
0.09843434343434344,0.008136054602638802,0.9284046197968071,0.06345932560055412
0.09893939393939395,0.008104308095016671,0.9253495748951646,0.06654611700981872
0.09944444444444445,0.008174250872422418,0.9217415533832349,0.07008419574434266
0.09994949494949495,0.008334050679741347,0.917117135610081,0.07454881371017763
0.10045454545454546,0.008560736301065396,0.9111024097358071,0.08033685396312751
0.10095959595959597,0.00884672696864289,0.9037806581689911,0.08737261486236603
0.10146464646464648,0.009219684607004688,0.8957355891037512,0.0950447262892441
0.10196969696969699,0.009730690660069503,0.8876328444493025,0.10263646489062805
0.10247474747474748,0.010412880098615056,0.8795881543627776,0.10999896553860733
0.10297979797979799,0.011247630066716221,0.8708483655621426,0.11790400437114112
0.10348484848484849,0.012181856970724953,0.8601925526784074,0.12762559035086762
0.103989898989899,0.013198700507138289,0.8469220634671536,0.13987923602570806
0.1044949494949495,0.014381451646417524,0.8317048546745976,0.15391369367898478
0.10500000000000001,0.015889766673279276,0.8164096708550238,0.16770056247169696
