Parameter,Value
Generation,8
Best Fitness,0.7944250361243929
Genome,"[2, 2, 2, 2, 0, 1, 0, 2, 2, 2, 2, 2, 2, 0, 1, 3, 1, 2, 0, 0, 2, 2, 1, 1, 1, 1, 1]"

Frequency,T,R,L
0.055,0.2882407735984991,0.2636391612707262,0.44812006513077474
0.05550505050505051,0.24777430575976245,0.3178641142978513,0.4343615799423863
0.05601010101010101,0.21030525093224464,0.37561911477204535,0.41407563429571004
0.05651515151515152,0.17579703849175218,0.435948816176543,0.38825414533170477
0.05702020202020202,0.14423914378964764,0.49695277704202756,0.3588080791683248
0.05752525252525253,0.11592545404715063,0.5559954583396137,0.3280790876132357
0.05803030303030303,0.09129305162006296,0.610294295900606,0.298412652479331
0.05853535353535354,0.07062929677339845,0.657619282772713,0.27175142045388856
0.05904040404040404,0.053904735313742236,0.6968204224386021,0.24927484224765561
0.05954545454545455,0.04079885568631487,0.7280013499405844,0.23119979437310068
0.06005050505050505,0.0308361112905646,0.7523150868739165,0.2168488018355189
0.06055555555555556,0.023516585323857017,0.771499509082012,0.20498390559413093
0.061060606060606065,0.018379411383544906,0.7873447077966437,0.1942758808198114
0.06156565656565657,0.015006338368779864,0.8012758559785695,0.1837178056526506
0.062070707070707075,0.013006675412991225,0.8141607179568932,0.17283260663011557
0.06257575757575758,0.012016016413340005,0.826349141118578,0.1616348424680819
0.06308080808080808,0.01171310155041087,0.8378656155014402,0.15042128294814894
0.06358585858585859,0.01183910885219846,0.8486362230076352,0.1395246681401664
0.06409090909090909,0.012203232873746372,0.8586466146143876,0.129150152511866
0.0645959595959596,0.01267136736606938,0.8679830738232461,0.11934555881068454
0.0651010101010101,0.013147202632034262,0.8767740883799815,0.11007870898798422
0.06560606060606061,0.01355772896465838,0.8850943386866122,0.10134793234872941
0.06611111111111112,0.013848536989174856,0.892899247893153,0.09325221511767212
0.06661616161616161,0.013985688476977155,0.900029245078837,0.08598506644418591
0.06712121212121212,0.013957160655552301,0.9062785232681927,0.079764316076255
0.06762626262626263,0.013769434797687089,0.9114882048800306,0.07474236032228232
0.06813131313131314,0.013440089893582802,0.9156150403274187,0.0709448697789985
0.06863636363636363,0.012990548157469821,0.9187448173075375,0.06826463453499265
0.06914141414141414,0.012442391954359205,0.9210512476910303,0.06650636035461044
0.06964646464646465,0.011817470560891778,0.9227278626552452,0.06545466678386302
0.07015151515151516,0.011139380404621858,0.9239293196569888,0.06493129993838942
0.07065656565656567,0.010433707509769194,0.9247476933577626,0.06481859913246812
0.07116161616161616,0.00972624163677716,0.9252273434302598,0.06504641493296304
0.07166666666666667,0.009040356694873805,0.9254016914930352,0.06555795181209101
0.07217171717171718,0.00839535041157706,0.925326674425967,0.06627797516245593
0.07267676767676767,0.007806590803067887,0.9250913458785193,0.06710206331841284
0.07318181818181818,0.007286869441292686,0.924801137365403,0.06791199319330432
0.07368686868686869,0.006847614776941761,0.924544781065806,0.06860760415725231
0.0741919191919192,0.006499007421534838,0.9243639063098652,0.06913708626859993
0.0746969696969697,0.0062490615536825505,0.9242416052489532,0.0695093331973643
0.07520202020202021,0.006102508778350693,0.9241152768526367,0.06978221436901255
0.07570707070707071,0.006060305298069403,0.9239061544335515,0.07003354026837905
0.07621212121212122,0.006119928909662411,0.9235498786487247,0.07033019244161287
0.07671717171717173,0.006275950088536844,0.9230131282455978,0.07071092166586534
0.07722222222222222,0.006520195885420476,0.9222898376974916,0.07118996641708786
0.07772727272727273,0.006841255284649647,0.9213820759263543,0.07177666878899602
0.07823232323232324,0.0072237136318600735,0.9202789859109592,0.07249730045718072
0.07873737373737374,0.007647843720116915,0.9189478774590212,0.07340427882086187
0.07924242424242425,0.008090283329326597,0.9173443211517373,0.07456539551893615
0.07974747474747476,0.008525671934045236,0.915436878449515,0.07603744961643977
0.08025252525252526,0.008928725378889857,0.913233093104481,0.07783818151662913
0.08075757575757576,0.009276129877647091,0.9107916586020922,0.07993221152026064
0.08126262626262627,0.009547944983730296,0.9082124815574503,0.08223957345881938
0.08176767676767677,0.009728627969949005,0.9056082061590729,0.08466316587097811
0.08227272727272728,0.009807979481082106,0.9030711978665293,0.08712082265238852
0.08277777777777778,0.009782122177052231,0.9006530217843182,0.08956485603862963
0.08328282828282829,0.009654229291242745,0.8983669596946019,0.09197881101415539
0.0837878787878788,0.009434464384103211,0.8962112526275666,0.09435428298833015
0.0842929292929293,0.009138738283221641,0.8941985588459648,0.09666270287081358
0.0847979797979798,0.00878640795515037,0.8923727446918259,0.09884084735302368
0.08530303030303031,0.008397619453028356,0.890800774915174,0.10080160563179774
0.08580808080808082,0.007991233517829328,0.8895421652367039,0.10246660124546669
0.08631313131313131,0.007583961858175972,0.8886131800406257,0.10380285810119827
0.08681818181818182,0.007190636810445388,0.887968778700521,0.10484058448903355
0.08732323232323233,0.006824878629276198,0.8875175481503322,0.1056575732203916
0.08782828282828284,0.006499267808667847,0.8871663631548404,0.10633436903649174
0.08833333333333335,0.006224624984817547,0.8868720371744104,0.106903337840772
0.08883838383838386,0.006008848565741753,0.8866686292808574,0.10732252215340077
0.08934343434343435,0.005856361882383861,0.8866485830394644,0.10749505507815182
0.08984848484848486,0.005769068600113514,0.8869009477681633,0.10732998363172319
0.09035353535353535,0.005748779768077967,0.8874379961151275,0.1068132241167945
0.09085858585858586,0.005799926755965065,0.8881556450228653,0.10604442822116966
0.09136363636363637,0.0059308759819929665,0.8888612571630801,0.105207866854927
0.09186868686868688,0.006152888756072027,0.8893660904096411,0.1044810208342869
0.09237373737373739,0.0064775005032829324,0.8895959369991672,0.10392656249754995
0.0928787878787879,0.006914768095845474,0.8896483543124949,0.10343687759165965
0.0933838383838384,0.007475124406630258,0.8897395004548859,0.10278537513848385
0.0938888888888889,0.008175812864734098,0.8900398094073778,0.10178437772788806
0.0943939393939394,0.009049741665945603,0.8904714530485137,0.10047880528554065
0.0948989898989899,0.010152089582352553,0.8905889726697432,0.09925893774790417
0.09540404040404041,0.011560412817472382,0.8896472386498696,0.09879234853265806
0.09590909090909092,0.013368422663260451,0.8868662457155014,0.09976533162123813
0.09641414141414142,0.01568063451177491,0.8817642279488205,0.1025551375394046
0.09691919191919193,0.01862073089602914,0.8743238952744664,0.10705537382950447
0.09742424242424244,0.02236550865549721,0.8647646833281188,0.11286980801638391
0.09792929292929294,0.02720488159628361,0.8528602624584889,0.11993485594522746
0.09843434343434344,0.03360719872769031,0.8370267260556101,0.12936607521669952
0.09893939393939395,0.042245203968558215,0.8136846449180305,0.14407015111341126
0.09944444444444445,0.05392449311154992,0.7774926444931837,0.16858286239526643
0.09994949494949495,0.06936863576672922,0.7228265605797786,0.2078048036534922
0.10045454545454546,0.08886303855374977,0.646336770492565,0.26480019095368523
0.10095959595959597,0.11183811601088876,0.5497423995145981,0.3384194844745131
0.10146464646464648,0.13655511464924674,0.44154579577915914,0.4218990895715941
0.10196969696969699,0.16010003232163866,0.33641261772431363,0.5034873499540478
0.10247474747474748,0.1788450283150604,0.25171772928996283,0.5694372423949767
0.10297979797979799,0.18938058748292413,0.20202619366263277,0.6085932188544431
0.10348484848484849,0.18968752078924186,0.19353795089154055,0.6167745283192175
0.103989898989899,0.18010146662791376,0.22108759694645114,0.5988109364256351
0.1044949494949495,0.16355691773699382,0.26964356028955117,0.5667995219734551
0.10500000000000001,0.1447878102277677,0.3203988025479285,0.5348133872243037
