Parameter,Value
Generation,6
Best Fitness,0.9958891632277425
Genome,"[2, 2, 2, 2, 2, 2, 1, 0, 1, 0, 3, 0, 3, 2, 2, 3, 1, 3, 2, 0, 3, 1, 0, 2, 1, 2, 2]"

Frequency,T,R,L
0.055,0.11926355153308382,0.3467212411558612,0.534015207311055
0.05550505050505051,0.11741987818358306,0.34760373638311165,0.5349763854333054
0.05601010101010101,0.11691349632066288,0.34982517935652147,0.5332613243228157
0.05651515151515152,0.11717854659261721,0.3535795467360408,0.5292419066713421
0.05702020202020202,0.11780044696030349,0.3589724697543793,0.5232270832853172
0.05752525252525253,0.11848841650438073,0.3660516424088495,0.5154599410867697
0.05803030303030303,0.11904579333532797,0.37482661919457994,0.5061275874700921
0.05853535353535354,0.11934300445997705,0.385279582749403,0.49537741279062
0.05904040404040404,0.11929559379866916,0.3973694388867568,0.48333496731457404
0.05954545454545455,0.11884800410064059,0.41103164682898113,0.4701203490703783
0.06005050505050505,0.11796274007563975,0.4261758649988549,0.4558613949255053
0.06055555555555556,0.11661398129552933,0.44268303100516354,0.4407029876993071
0.061060606060606065,0.11478452084875454,0.4604030456310684,0.42481243352017706
0.06156565656565657,0.1124649441989796,0.47915386176024116,0.40838119404077927
0.062070707070707075,0.10965412098161491,0.4987224989152258,0.39162338010315934
0.06257575757575758,0.10636028124234934,0.5188682863821756,0.37477143237547506
0.06308080808080808,0.10260213941451586,0.5393284438238566,0.3580694167616275
0.06358585858585859,0.09840969298444395,0.559825904052413,0.34176440296314314
0.06409090909090909,0.09382445535422512,0.5800790525688451,0.3260964920769298
0.0645959595959596,0.08889899077450224,0.5998128118287431,0.3112881973967546
0.0651010101010101,0.08369571282233444,0.6187702684517623,0.29753401872590324
0.06560606060606061,0.07828499330156952,0.6367238776025282,0.2849911290959023
0.06611111111111112,0.07274270640795354,0.6534852291848467,0.2737720644071997
0.06661616161616161,0.06714739838609197,0.6689124559144258,0.2639401456994822
0.06712121212121212,0.06157731710304367,0.6829146026634714,0.2555080802334849
0.06762626262626263,0.05610755084410486,0.6954526232303702,0.24843982592552494
0.06813131313131314,0.05080750739531,0.706537061571944,0.242655431032746
0.06863636363636363,0.0457389158383546,0.7162228371566162,0.2380382470050293
0.06914141414141414,0.04095446346708417,0.7246018270352749,0.23444370949764093
0.06964646464646465,0.03649710175531243,0.7317940849055801,0.23170881333910753
0.07015151515151516,0.03239998172470438,0.7379385552450971,0.22966146303019852
0.07065656565656567,0.02868692103775579,0.7431840501509848,0.2281290288112594
0.07116161616161616,0.025373268750911986,0.7476810948770256,0.22694563637206244
0.07166666666666667,0.022467020069232426,0.7515750554872858,0.22595792444348184
0.07217171717171718,0.019970039799133952,0.7550007726566597,0.22502918754420642
0.07267676767676767,0.017879274173734125,0.7580787624255204,0.22404196340074545
0.07318181818181818,0.016187860103603822,0.7609129188183023,0.2228992210780939
0.07368686868686869,0.014886072825217677,0.7635895661531912,0.22152436102159112
0.0741919191919192,0.013962082687399662,0.7661776557897197,0.21986026152288063
0.0746969696969697,0.013402516282099373,0.7687298752094417,0.217867608508459
0.07520202020202021,0.013192834733636617,0.7712844285880625,0.2155227366783009
0.07570707070707071,0.013317552583815902,0.7738672506369567,0.21281519677922733
0.07621212121212122,0.013760325352575518,0.7764944249122052,0.20974524973521924
0.07671717171717173,0.01450393426498923,0.7791745918331486,0.20632147390186217
0.07722222222222222,0.015530194884041401,0.781911150214371,0.20255865490158764
0.07772727272727273,0.016819814430575293,0.7847040805157351,0.1984761050536895
0.07823232323232324,0.018352221865761756,0.7875512501503102,0.19409652798392796
0.07873737373737374,0.020105396037479187,0.7904491026046505,0.1894455013578703
0.07924242424242425,0.022055720126409172,0.7933926831547908,0.18455159671879995
0.07974747474747476,0.024177894205576252,0.7963750131028574,0.17944709269156633
0.08025252525252526,0.026444940291256658,0.7993858881082776,0.17416917160046574
0.08075757575757576,0.028828333957586296,0.8024102388250036,0.16876142721741005
0.08126262626262627,0.0312982918182844,0.805426246884759,0.1632754612969567
0.08176767676767677,0.03382423404816338,0.8084034492041245,0.15777231674771208
0.08227272727272728,0.03637542572961034,0.8113010824402866,0.15232349183010296
0.08277777777777778,0.03892178138727051,0.8140669129783943,0.14701130563433518
0.08328282828282829,0.041434795844823236,0.8166367647567969,0.14192843939837985
0.0837878787878788,0.043888544410973576,0.8189348994544531,0.13717655613457336
0.0842929292929293,0.04626067949695523,0.8208753261974405,0.13286399430560425
0.0847979797979798,0.04853334187630553,0.8223640287312188,0.12910262939247563
0.08530303030303031,0.05069390487927448,0.8233020063737865,0.12600408874693902
0.08580808080808082,0.05273547961805092,0.8235889409522682,0.12367557942968088
0.08631313131313131,0.05465712821530432,0.823127234594483,0.12221563719021267
0.08681818181818182,0.05646375794620672,0.8218261202128787,0.12171012184091456
0.08732323232323233,0.0581656990897886,0.8196055327248503,0.1222287681853611
0.08782828282828284,0.05977799934619731,0.8163994463726012,0.12382255428120148
0.08833333333333335,0.06131949403631981,0.8121584305734897,0.12652207539019056
0.08883838383838386,0.06281173056420582,0.8068512491095862,0.13033702032620798
0.08934343434343435,0.06427783539246433,0.8004654180735011,0.13525674653403452
0.08984848484848486,0.06574141101826562,0.7930067377625732,0.14125185121916117
0.09035353535353535,0.06722553961326178,0.7844979124127747,0.1482765479739636
0.09085858585858586,0.0687519509910709,0.7749764587875608,0.15627159022136827
0.09136363636363637,0.07034038837362064,0.7644921703879166,0.16516744123846272
0.09186868686868688,0.07200817963284989,0.7531044403187509,0.1748873800483992
0.09237373737373739,0.07376999791288147,0.7408797471370147,0.18535025495010393
0.0928787878787879,0.07563777689992461,0.7278895722650253,0.19647265083505017
0.0933838383838384,0.07762073466069025,0.7142089467999478,0.20817031853936185
0.0938888888888889,0.07972545686658117,0.6999157262131676,0.22035881692025128
0.0943939393939394,0.08195599506212634,0.6850905742468907,0.23295343069098295
0.0948989898989899,0.08431394702093908,0.6698175166763258,0.24586853630273509
0.09540404040404041,0.08679850194161276,0.6541848182597588,0.2590166797986284
0.09590909090909092,0.08940645058261362,0.6382858592839902,0.2723076901333962
0.09641414141414142,0.09213217661508018,0.6222196565872293,0.28564816679769045
0.09691919191919193,0.09496765787329207,0.6060906977491425,0.29894164437756543
0.09742424242424244,0.09790251264594192,0.5900078384638415,0.3120896488902165
0.09792929292929294,0.10092412520605881,0.5740821443770406,0.3249937304169005
0.09843434343434344,0.10401787587745127,0.5584237218964717,0.337558402226077
0.09893939393939395,0.10716748470957556,0.5431377506494648,0.3496947646409596
0.09944444444444445,0.11035545631445629,0.5283200709291427,0.361324472756401
0.09994949494949495,0.11356359017062642,0.5140527607768169,0.3723836490525566
0.10045454545454546,0.1167735006885231,0.5004001355140623,0.38282636379741464
0.10095959595959597,0.11996708042949497,0.4874055098562329,0.3926274097142721
0.10146464646464648,0.1231268438510548,0.4750888939741409,0.40178426217480434
0.10196969696969699,0.12623611201412308,0.46344559004030134,0.41031829794557556
0.10247474747474748,0.12927904165576604,0.452445477034819,0.4182754813094149
0.10297979797979799,0.13224056056585481,0.4420326927299693,0.42572674670417593
0.10348484848484849,0.13510633457019894,0.4321255104101956,0.43276815501960547
0.103989898989899,0.13786294237796373,0.4226165018701542,0.4395205557518821
0.1044949494949495,0.14049845102322792,0.4133735608703881,0.446127988106384
0.10500000000000001,0.1430035435248804,0.40424294167460845,0.4527535148005111
