Parameter,Value
Generation,7
Best Fitness,1.0158117772905977
Genome,"[2, 2, 2, 2, 2, 2, 1, 0, 1, 0, 3, 2, 3, 2, 1, 3, 1, 1, 3, 2, 1, 1, 0, 2, 0, 2, 1]"

Frequency,T,R,L
0.055,0.11219620805856825,0.33987273275344865,0.5479310591879831
0.05550505050505051,0.11079645960660475,0.3414831712610259,0.5477203691323693
0.05601010101010101,0.11032379304670747,0.3434371731740173,0.5462390337792753
0.05651515151515152,0.11036978359052615,0.34628294674399157,0.5433472696654822
0.05702020202020202,0.11071351108617077,0.35048618424141875,0.5388003046724105
0.05752525252525253,0.11122283322415405,0.3563803845335919,0.5323967822422541
0.05803030303030303,0.11179153949659339,0.36415079578924037,0.5240576647141663
0.05853535353535354,0.11231241927356451,0.37384529289733004,0.5138422878291055
0.05904040404040404,0.11267554481832276,0.3854021470933126,0.5019223080883646
0.05954545454545455,0.11277850287502433,0.3986844472494385,0.48853704987553714
0.06005050505050505,0.11253786402348977,0.41351282436229186,0.4739493116142184
0.06055555555555556,0.1118957919942737,0.4296910122489103,0.458413195756816
0.061060606060606065,0.11082013167951871,0.4470217704401075,0.44215809788037375
0.06156565656565657,0.10929939283121133,0.4653132427981789,0.4253873643706097
0.062070707070707075,0.10733546304163025,0.4843776626403181,0.40828687431805166
0.06257575757575758,0.1049368920749047,0.5040253798455006,0.3910377280795947
0.06308080808080808,0.10211469628752318,0.5240575271962795,0.37382777651619725
0.06358585858585859,0.09888137868517596,0.5442603644054036,0.3568582569094204
0.06409090909090909,0.09525269754336516,0.5644035710864411,0.3403437313701937
0.0645959595959596,0.09125094242095373,0.5842436667317086,0.32450539084733765
0.0651010101010101,0.0869082179693887,0.6035325126296338,0.30955926940097744
0.06560606060606061,0.08226846116892127,0.6220297166555375,0.2957018221755412
0.06611111111111112,0.07738747256580916,0.6395169271830232,0.28309560025116765
0.06661616161616161,0.07233090942059768,0.6558116218155337,0.2718574687638686
0.06712121212121212,0.06717075644856986,0.6707781265716531,0.262051116979777
0.06762626262626263,0.06198111213250852,0.684334180063928,0.25368470780356345
0.06813131313131314,0.05683415946389977,0.6964522221685232,0.246713618367577
0.06863636363636363,0.051796980699258276,0.7071555219373403,0.24104749736340136
0.06914141414141414,0.04692954013211764,0.7165100590308483,0.236560400837034
0.06964646464646465,0.042283823745509756,0.7246135935591377,0.23310258269535256
0.07015151515151516,0.03790388578726565,0.7315835468823985,0.23051256733033587
0.07065656565656567,0.03382645141252276,0.7375452011161814,0.2286283474712959
0.07116161616161616,0.03008174963819541,0.7426213954433339,0.22729685491847063
0.07166666666666667,0.026694354800102474,0.7469244620227075,0.22638118317719003
0.07217171717171718,0.023683939864940988,0.750550703294285,0.22576535684077403
0.07267676767676767,0.02106594428317611,0.7535773381275469,0.225356717589277
0.07318181818181818,0.01885220780815614,0.7560615757537889,0.22508621643805504
0.07368686868686869,0.017051618868954576,0.7580413240174136,0.2249070571136318
0.0741919191919192,0.015670788384394112,0.7595369922598131,0.22479221935579285
0.0746969696969697,0.014714712014419672,0.760553888245244,0.2247313997403364
0.07520202020202021,0.014187348695247482,0.761084808262072,0.22472784304268045
0.07570707070707071,0.014092035045869644,0.7611125556041214,0.22479540935000897
0.07621212121212122,0.014431676110790301,0.7606122728981213,0.2249560509910884
0.07671717171717173,0.015208694137581738,0.7595536183351095,0.22523768752730877
0.07722222222222222,0.01642476290485962,0.7579029369384275,0.2256723001567129
0.07772727272727273,0.018080388489377368,0.7556256598045891,0.2262939517060336
0.07823232323232324,0.02017440576258299,0.7526891940090323,0.22713640022838466
0.07873737373737374,0.0227034394995821,0.7490665354321827,0.2282300250682352
0.07924242424242425,0.0256613361292389,0.7447407446235274,0.22959791924723372
0.07974747474747476,0.029038521851905193,0.7397102788033254,0.23125119934476945
0.08025252525252526,0.032821204533368356,0.7339949870288455,0.2331838084377862
0.08075757575757576,0.03699032862760754,0.7276423744063432,0.2353672969660493
0.08126262626262627,0.041520225703070505,0.7207335546060593,0.2377462196908703
0.08176767676767677,0.04637697842941062,0.7133881690806114,0.240234852489978
0.08227272727272728,0.0515166215421932,0.7057674844585077,0.24271589399929916
0.08277777777777778,0.05688341758272772,0.6980749070299964,0.24504167538727584
0.08328282828282829,0.062408540731695036,0.690553284142243,0.24703817512606197
0.0837878787878788,0.06800955194991473,0.683478592398505,0.2485118556515803
0.0842929292929293,0.07359103278777211,0.677149924165897,0.24925904304633084
0.0847979797979798,0.07904665519067205,0.6718760479205604,0.24907729688876745
0.08530303030303031,0.0842628062292951,0.6679591972049929,0.24777799656571198
0.08580808080808082,0.08912367970048751,0.6656770964548948,0.24519922384461768
0.08631313131313131,0.09351752167846994,0.6652645194018691,0.2412179589196609
0.08681818181818182,0.09734351081164225,0.6668958617794524,0.23576062740890535
0.08732323232323233,0.10051860239347077,0.6706702675623937,0.22881113004413556
0.08782828282828284,0.10298359708917602,0.676600760686806,0.220415642224018
0.08833333333333335,0.10470772769913977,0.6846085983014656,0.2106836739993947
0.08883838383838386,0.10569119211996024,0.6945236865052504,0.19978512137478932
0.08934343434343435,0.10596528312929153,0.7060914080275172,0.18794330884319121
0.08984848484848486,0.10559004674439705,0.7189856390851744,0.17542431417042847
0.09035353535353535,0.10464970142235035,0.7328271270654442,0.16252317151220552
0.09085858585858586,0.10324632674498818,0.7472058186956778,0.14954785455933406
0.09136363636363637,0.10149254146483251,0.7617052332232515,0.136802225311916
0.09186868686868688,0.09950400498194617,0.7759266315997088,0.12456936341834501
0.09237373737373739,0.0973925759063399,0.7895106005327097,0.11309682356095041
0.0928787878787879,0.09526084608826044,0.8021537963133275,0.10258535759841203
0.0933838383838384,0.09319855567586395,0.8136190022109456,0.09318244211319038
0.0938888888888889,0.09128111666102616,0.823737338414284,0.0849815449246899
0.0943939393939394,0.0895701712714168,0.8324023797485732,0.07802744898001002
0.0948989898989899,0.08811583320266572,0.8395569959192287,0.07232717087810558
0.09540404040404041,0.08696004624383369,0.8451748034015203,0.06786515035464602
0.09590909090909092,0.08614037850127385,0.8492390479275169,0.0646205735712092
0.09641414141414142,0.08569356831666222,0.8517223497867066,0.06258408189663123
0.09691919191919193,0.08565824926813177,0.8525708827868415,0.06177086794502673
0.09742424242424244,0.08607648687967843,0.8516961099722975,0.06222740314802411
0.09792929292929294,0.08699402247625138,0.8489761332080608,0.06402984431568792
0.09843434343434344,0.08845939071836509,0.8442671057562966,0.06727350352533834
0.09893939393939395,0.0905223006381201,0.8374232066155382,0.07205449274634179
0.09944444444444445,0.09323179068382363,0.8283217004383875,0.07844650887778892
0.09994949494949495,0.09663464260690505,0.8168880120731234,0.08647734531997153
0.10045454545454546,0.10077434492558811,0.8031149627020274,0.09611069237238445
0.10095959595959597,0.1056905440184681,0.7870707215400378,0.10723873444149412
0.10146464646464648,0.1114184591255702,0.7688918441809062,0.11968969669352358
0.10196969696969699,0.11798725844177624,0.7487609635815207,0.13325177797670307
0.10247474747474748,0.12541602603674357,0.7268729107877002,0.14771106317555616
0.10297979797979799,0.133705844818811,0.7033975500830526,0.16289660509813642
0.10348484848484849,0.1428268276993341,0.6784513800684514,0.17872179223221452
0.103989898989899,0.1526997593908045,0.6520917502696204,0.1952084903395751
0.1044949494949495,0.16317340109059147,0.6243461696976302,0.21248042921177834
0.10500000000000001,0.1740003811632574,0.5952837538867939,0.23071586494994878
