Parameter,Value
Generation,6
Best Fitness,0.9772328041964524
Genome,"[2, 2, 2, 2, 2, 2, 1, 0, 0, 1, 2, 2, 3, 2, 3, 1, 0, 0, 2, 2]"

Frequency,T,R,L
0.055,0.15286729765531176,0.31503897802612496,0.5320937243185633
0.05550505050505051,0.1489606542961388,0.31538484558967306,0.5356545001141881
0.05601010101010101,0.14731534866987736,0.3157263309160353,0.5369583204140873
0.05651515151515152,0.14730509383047097,0.31683407650820133,0.5358608296613276
0.05702020202020202,0.14817978369104645,0.31942122147560137,0.5323989948333522
0.05752525252525253,0.14923048390627558,0.32402946172048885,0.5267400543732356
0.05803030303030303,0.14990574807381665,0.330979882585281,0.5191143693409024
0.05853535353535354,0.14985777514642823,0.3403773799349721,0.5097648449185996
0.05904040404040404,0.1489277823618066,0.3521505339923888,0.4989216836458046
0.05954545454545455,0.14709501649211276,0.3661077975965023,0.48679718591138493
0.06005050505050505,0.14441549066434015,0.38199388132275924,0.47359062801290064
0.06055555555555556,0.14097002357474547,0.3995352628889183,0.4594947135363362
0.061060606060606065,0.13683168208512944,0.4184691921950746,0.444699125719796
0.06156565656565657,0.1320540354872432,0.4385553435422946,0.42939062097046216
0.062070707070707075,0.12667566849625006,0.45957284713943336,0.41375148436431664
0.06257575757575758,0.12073363809815149,0.4813076523669488,0.3979587095348997
0.06308080808080808,0.11427852770877275,0.5035360886826041,0.3821853836086231
0.06358585858585859,0.10738554447529018,0.5260102537909899,0.36660420173372
0.06409090909090909,0.10015873398686695,0.5484496888899059,0.3513915771232272
0.0645959595959596,0.0927279964802367,0.5705419715303043,0.33673003198945906
0.0651010101010101,0.08524057303489442,0.5919527080439675,0.3228067189211381
0.06560606060606061,0.0778497182262515,0.6123433308335332,0.30980695094021526
0.06611111111111112,0.07070336755463745,0.6313934899604332,0.29790314248492933
0.06661616161616161,0.06393496112828385,0.6488239771714026,0.2872410617003135
0.06712121212121212,0.057657556409864676,0.6644161707771218,0.2779262728130135
0.06762626262626263,0.05196132828039351,0.6780248686930052,0.2700138030266014
0.06813131313131314,0.04691380002864556,0.6895828212815837,0.2635033786897708
0.06863636363636363,0.042561804921440426,0.6990969117113495,0.2583412833672101
0.06914141414141414,0.03893421655516873,0.7066373851776373,0.254428398267194
0.06964646464646465,0.03604476889584457,0.7123225234620815,0.251632707642074
0.07015151515151516,0.033894639509378446,0.7163015743765947,0.24980378611402687
0.07065656565656567,0.03247474919889672,0.7187386051043764,0.24878664569672693
0.07116161616161616,0.03176786530117838,0.7197993917222617,0.24843274297655993
0.07166666666666667,0.03175058535828564,0.719642669580692,0.24860674506102232
0.07217171717171718,0.032395175961451556,0.7184162287990902,0.24918859523945824
0.07267676767676767,0.03367112111402729,0.7162575817455171,0.2500712971404556
0.07318181818181818,0.035546158812758764,0.7132983365996014,0.2511555045876398
0.07368686868686869,0.03798658962123979,0.7096710158494767,0.25234239452928353
0.0741919191919192,0.040956730435796895,0.7055168596052259,0.25352640995897713
0.0746969696969697,0.04441753722086362,0.7009931312867724,0.25458933149236396
0.07520202020202021,0.048324593390231325,0.6962785715042347,0.255396835105534
0.07570707070707071,0.05262581374174246,0.6915758986020382,0.25579828765621937
0.07621212121212122,0.057259312689570435,0.687110606126474,0.2556300811839556
0.07671717171717173,0.06215190912242908,0.6831257317482753,0.25472235912929564
0.07722222222222222,0.06721868391087679,0.6798727375019304,0.25290857858719273
0.07772727272727273,0.07236388014239573,0.6775991091154842,0.25003701074212015
0.07823232323232324,0.07748326184849678,0.6765337075201812,0.2459830306313221
0.07873737373737374,0.08246785154011244,0.6768712400456303,0.24066090841425725
0.07924242424242425,0.08720877848008819,0.6787574172763406,0.23403380424357112
0.07974747474747476,0.09160281335607275,0.6822763901529123,0.2261207964910149
0.08025252525252526,0.09555806005181712,0.6874419053270876,0.2170000346210953
0.08075757575757576,0.09899923342766519,0.6941932834065981,0.20680748316573672
0.08126262626262627,0.1018719776098548,0.7023968478505948,0.19573117453955047
0.08176767676767677,0.10414576904341505,0.711852866799667,0.18400136415691792
0.08227272727272728,0.10581509249755391,0.7223074851305196,0.1718774223719265
0.08277777777777778,0.10689876044976122,0.733468592635803,0.1596326469144358
0.08328282828282829,0.10743744629040756,0.7450241626950935,0.14753839101449895
0.0837878787878788,0.10748969617014832,0.7566613539009195,0.13584894992893215
0.0842929292929293,0.1071268491450315,0.7680846215008534,0.12478852935411511
0.0847979797979798,0.10642740906987305,0.7790312370384007,0.11454135389172626
0.08530303030303031,0.1054714585039389,0.7892829394658621,0.10524560203019895
0.08580808080808082,0.10433567709801699,0.7986728955273089,0.09699142737467414
0.08631313131313131,0.10308942704564031,0.8070876744626301,0.08982289849172964
0.08681818181818182,0.10179220922875337,0.8144644796993508,0.08374331107189592
0.08732323232323233,0.1004925978546083,0.8207843677868382,0.07872303435855355
0.08782828282828284,0.09922855703178085,0.8260625702681175,0.07470887270010174
0.08833333333333335,0.0980288602275448,0.8303372783115769,0.07163386146087836
0.08883838383838386,0.0969152005168124,0.8336583294955402,0.06942646998764745
0.08934343434343435,0.09590451641259147,0.8360771452420315,0.06801833834537707
0.08984848484848486,0.09501107464458336,0.837639017580822,0.0673499077745946
0.09035353535353535,0.09424794476896321,0.838378463282601,0.06737359194843573
0.09085858585858586,0.09362765563380356,0.8383178947517105,0.06805444961448592
0.09136363636363637,0.09316201449487736,0.8374693551723673,0.06936863033275531
0.09186868686868688,0.09286126282706156,0.8358385930279693,0.07130014414496921
0.09237373737373739,0.09273290306583537,0.8334303736935494,0.07383672324061519
0.0928787878787879,0.09278062516158954,0.8302537045406301,0.07696567029778034
0.0933838383838384,0.09300376707292371,0.8263256335402005,0.08067059938687582
0.0938888888888889,0.09339764893398618,0.8216724966188194,0.08492985444719447
0.0943939393939394,0.09395493380238512,0.8163279323217708,0.08971713387584412
0.0948989898989899,0.0946679150676618,0.8103276125055958,0.09500447242674237
0.09540404040404041,0.09553135651062367,0.8037013734639242,0.10076727002545205
0.09590909090909092,0.09654527426388006,0.7964641551521823,0.10699057058393768
0.09641414141414142,0.09771691472018332,0.7886077240973711,0.11367536118244559
0.09691919191919193,0.09906120650755847,0.7800954204758185,0.12084337301662307
0.09742424242424244,0.10059918462611221,0.7708620068833987,0.12853880849048915
0.09792929292929294,0.10235430111910875,0.7608200352857574,0.13682566359513393
0.09843434343434344,0.10434710115548834,0.7498730043234744,0.14577989452103723
0.09893939393939395,0.10658935435440808,0.7379340733835538,0.15547657226203815
0.09944444444444445,0.10907923913029856,0.7249474673344464,0.16597329353525503
0.09994949494949495,0.11179940624032987,0.7109082773179938,0.1772923164416763
0.10045454545454546,0.11471952912004534,0.6958755218395977,0.18940494904035698
0.10095959595959597,0.11780417378707132,0.6799734454908914,0.20222238072203724
0.10146464646464648,0.12102549395815992,0.6633773625492995,0.21559714349254067
0.10196969696969699,0.12437854271452738,0.6462829647276198,0.22933849255785277
0.10247474747474748,0.1278952418740262,0.628861695746734,0.24324306237923976
0.10297979797979799,0.1316517848170693,0.611209021821844,0.2571391933610867
0.10348484848484849,0.135764083282045,0.5932963684743844,0.2709395482435706
0.103989898989899,0.14036737406020003,0.5749401160050418,0.28469250993475814
0.1044949494949495,0.14557960579358054,0.5558012815094682,0.2986191126969513
0.10500000000000001,0.1514535891868205,0.5354265054993683,0.3131199053138112
