Parameter,Value
Generation,13
Best Fitness,1.1123102730296104
Genome,"[2, 2, 2, 2, 2, 0, 0, 1, 0, 1, 2, 2, 2, 2, 3, 1, 1, 1, 2, 1]"

Frequency,T,R,L
0.055,0.1570854014079593,0.4080310819372813,0.43488351665475944
0.05550505050505051,0.14885052166442073,0.407136022091013,0.4440134562445663
0.05601010101010101,0.14381305941154596,0.40636453578469395,0.44982240480376007
0.05651515151515152,0.1406405686022781,0.4083897189486811,0.45096971244904077
0.05702020202020202,0.13836284358392892,0.41431730117930154,0.44731985523676954
0.05752525252525253,0.13647192441064335,0.4238750596697145,0.4396530159196421
0.05803030303030303,0.13480138191832267,0.4360029548751847,0.4291956632064926
0.05853535353535354,0.1333232344585133,0.44950815011066736,0.4171686154308193
0.05904040404040404,0.1319835638225951,0.46354049738441405,0.4044759387929908
0.05954545454545455,0.13063461846847932,0.4777836056986236,0.39158177583289705
0.06005050505050505,0.12905691736663713,0.4923834588808388,0.37855962375252405
0.06055555555555556,0.1270272771451817,0.5077157260333969,0.36525699682142143
0.061060606060606065,0.12438373167317658,0.5241160668336621,0.3515002014931613
0.06156565656565657,0.12105635107336345,0.5416756598323041,0.3372679890943324
0.062070707070707075,0.11705849730824747,0.5601568357461603,0.32278466694559227
0.06257575757575758,0.11245288479828314,0.5790318091796465,0.30851530602207045
0.06308080808080808,0.10731434402817863,0.5976071834307385,0.2950784725410829
0.06358585858585859,0.101706812256534,0.6151771349921035,0.28311605275136253
0.06409090909090909,0.09568096407409278,0.6311504567018477,0.27316857922405957
0.0645959595959596,0.08928765268751358,0.6451161060863736,0.2655962412261128
0.0651010101010101,0.08259599104344967,0.6568396335672464,0.2605643753893039
0.06560606060606061,0.07570518816283264,0.6662087602069326,0.2580860516302347
0.06611111111111112,0.06874455650339126,0.6731622099214051,0.25809323357520364
0.06661616161616161,0.06186285068773742,0.6776376487498388,0.26049950056242377
0.06712121212121212,0.05521276864222181,0.6795633111096562,0.265223920248122
0.06762626262626263,0.04893722006310899,0.6788989063933883,0.2721638735435027
0.06813131313131314,0.04316127885896366,0.6757119883494932,0.2811267327915431
0.06863636363636363,0.03798965367519037,0.6702626783775564,0.29174766794725326
0.06914141414141414,0.03350641922496193,0.6630661386612853,0.30342744211375283
0.06964646464646465,0.029773116115213,0.6549085094846269,0.3153183744001601
0.07015151515151516,0.026823131510605808,0.6468051289408319,0.32637173954856236
0.07065656565656567,0.024653280319076088,0.6399051832664688,0.33544153641445507
0.07116161616161616,0.023216054332588575,0.6353600755009992,0.3414238701664123
0.07166666666666667,0.022416851983662046,0.6341806988644839,0.34340244915185403
0.07217171717171718,0.022119318045695266,0.6371102822933534,0.34077039966095135
0.07267676767676767,0.022159306353014257,0.644535091968602,0.33330560167838374
0.07318181818181818,0.022365062582593315,0.6564467688126305,0.32118816860477617
0.07368686868686869,0.022579146310761324,0.6724597391739413,0.3049611145152974
0.0741919191919192,0.022677074708239556,0.6918771995425675,0.2854457257491929
0.0746969696969697,0.022578742204886846,0.7137914528745569,0.2636298049205562
0.07520202020202021,0.022250849743219173,0.7372000076030724,0.24054914265370841
0.07570707070707071,0.02170104929460725,0.7611182439858772,0.2171807067195155
0.07621212121212122,0.020966469293190772,0.7846723044776696,0.19436122622913965
0.07671717171717173,0.020100207241744435,0.8071612928546237,0.17273849990363188
0.07722222222222222,0.019159139814079643,0.8280846039027874,0.15275625628313294
0.07772727272727273,0.018195276977913816,0.8471368492787394,0.13466787374334677
0.07823232323232324,0.01725138105552057,0.8641781274317485,0.11857049151273091
0.07873737373737374,0.01636022344936135,0.8791904154512569,0.10444936109938174
0.07924242424242425,0.015546049586207193,0.8922312901915372,0.09222266022225556
0.07974747474747476,0.014826699814927874,0.9033942546480543,0.08177904553701776
0.08025252525252526,0.014215267249533592,0.9127813903680978,0.07300334238236861
0.08075757575757576,0.013720870780710258,0.9204899061924685,0.06578922302682122
0.08126262626262627,0.013348755674412325,0.9266104593353237,0.060040784990263996
0.08176767676767677,0.013100269545491781,0.9312327019016884,0.0556670285528198
0.08227272727272728,0.012973227158661888,0.9344527520710918,0.05257402077024631
0.08277777777777778,0.01296286819848627,0.9363781260243205,0.05065900577719329
0.08328282828282829,0.013063224525115068,0.937127611981609,0.04980916349327591
0.0837878787878788,0.013268449907873065,0.9368259077938891,0.04990564229823791
0.0842929292929293,0.013573646547000202,0.9355948505191539,0.05083150293384586
0.0847979797979798,0.013974943506025135,0.9335441967059825,0.05248085978799233
0.08530303030303031,0.014468924219180135,0.9307649343242466,0.054766141456573325
0.08580808080808082,0.015051793518870066,0.9273271329699311,0.05762107351119883
0.08631313131313131,0.01571877791214908,0.9232827581161149,0.06099846397173603
0.08681818181818182,0.01646411792008528,0.9186722233911396,0.06486365868877508
0.08732323232323233,0.01728170356250127,0.9135322531457851,0.06918604329171363
0.08782828282828284,0.018166071105796402,0.9079022378405375,0.07393169105366615
0.08833333333333335,0.019113281892204043,0.9018267959173388,0.0790599221904571
0.08883838383838386,0.020121241219868812,0.8953535402187913,0.08452521856133988
0.08934343434343435,0.021189275731480578,0.8885266904229949,0.09028403384552453
0.08984848484848486,0.022317152850112973,0.8813786640723145,0.0963041830775726
0.09035353535353535,0.02350402169692441,0.8739226324306804,0.1025733458723952
0.09085858585858586,0.024747833044746922,0.8661489272250285,0.10910323973022462
0.09136363636363637,0.02604560439984738,0.85802708863639,0.11592730696376263
0.09186868686868688,0.02739450956578584,0.8495135248176077,0.12309196561660651
0.09237373737373739,0.02879336206860135,0.8405627440884308,0.13064389384296782
0.0928787878787879,0.030243823082978023,0.8311385880152313,0.13861758890179066
0.0933838383838384,0.03175072461060302,0.8212214362988595,0.14702783909053752
0.0938888888888889,0.033321255645155236,0.8108082976045368,0.15587044675030803
0.0943939393939394,0.03496327458234035,0.7999049354263985,0.1651317899912611
0.0948989898989899,0.0366834642688765,0.7885121165106947,0.17480441922042878
0.09540404040404041,0.03848622508437504,0.7766107524478385,0.18490302246778645
0.09590909090909092,0.040373994789848544,0.7641520677532517,0.19547393745689978
0.09641414141414142,0.04234913348835798,0.7510581645386032,0.2065927019730388
0.09691919191919193,0.04441680918772262,0.7372352806402027,0.21834791017207467
0.09742424242424244,0.04658774673302924,0.7225973167283439,0.23081493653862684
0.09792929292929294,0.048879542496742846,0.7070923122758694,0.2440281452273877
0.09843434343434344,0.05131567975491977,0.6907214135461087,0.2579629066989715
0.09893939393939395,0.05392239321296064,0.6735402638335656,0.27253734295347376
0.09944444444444445,0.056724858727197736,0.6556375109525997,0.2876376303202025
0.09994949494949495,0.0597452967041267,0.6370936075205689,0.3031610957753045
0.10045454545454546,0.06300577339870995,0.61793290646262,0.31906132013867006
0.10095959595959597,0.06653711829014601,0.598089571769036,0.33537330994081804
0.10146464646464648,0.07039222685938579,0.577409149583574,0.35219862355704024
0.10196969696969699,0.0746577011519234,0.5557001468089421,0.36964215203913453
0.10247474747474748,0.07945398775457861,0.5328337225338808,0.3877122897115406
0.10297979797979799,0.08491346072475439,0.5088682550561477,0.4062182842190979
0.10348484848484849,0.09113080275336048,0.48415603838581084,0.42471315886082867
0.103989898989899,0.09809158135977919,0.45938025315547704,0.44252816548474383
0.1044949494949495,0.10560097606410423,0.4354790000010182,0.4589200239348776
0.10500000000000001,0.11324907607235375,0.41344240484963646,0.47330851907800975
