Parameter,Value
Generation,1
Best Fitness,0.7366674600257255
Genome,"[2, 2, 2, 2, 3, 1, 2, 1, 0, 0, 2, 0, 2, 1, 1, 2, 3, 3]"

Frequency,T,R,L
0.055,0.49207563935240295,0.1441553057575885,0.36376905489000855
0.05550505050505051,0.47379738656296055,0.15998858546354913,0.36621402797349034
0.05601010101010101,0.4540613917309618,0.17749001872883655,0.36844858954020165
0.05651515151515152,0.43283882679648655,0.1964158292069211,0.3707453439965923
0.05702020202020202,0.4102711508876322,0.21651716050091782,0.37321168861144993
0.05752525252525253,0.3866649247139998,0.23756039120539751,0.37577468408060266
0.05803030303030303,0.3624473737342232,0.2593358199931953,0.3782168062725815
0.05853535353535354,0.33810329027965386,0.2816583226842113,0.3802383870361348
0.05904040404040404,0.3141116185773734,0.30436326625086363,0.381525115171763
0.05954545454545455,0.29089426989843914,0.32730028177285053,0.38180544832871033
0.06005050505050505,0.26878317965047144,0.3503267397002453,0.3808900806492833
0.06055555555555556,0.24800617536248903,0.3733020942935399,0.3786917303439711
0.061060606060606065,0.22868866478458522,0.3960837365678587,0.3752275986475561
0.06156565656565657,0.21086648108928327,0.41852462423255754,0.37060889467815916
0.062070707070707075,0.19450501006060344,0.44047271782367725,0.36502227211571936
0.06257575757575758,0.17952041565744406,0.46177210621682974,0.35870747812572623
0.06308080808080808,0.16579987852185485,0.4822656141264724,0.35193450735167275
0.06358585858585859,0.15321891038009727,0.5017986194776338,0.3449824701422689
0.06409090909090909,0.14165479782289148,0.5202237520568564,0.3381214501202521
0.0645959595959596,0.13099597390858708,0.5374060915764726,0.33159793451494035
0.0651010101010101,0.12114760907155621,0.5532284389648469,0.32562395196359695
0.06560606060606061,0.11203399285315316,0.5675962118966086,0.32036979525023823
0.06611111111111112,0.10359840095723914,0.5804415281911041,0.3159600708516568
0.06661616161616161,0.09580116194551345,0.5917260980057737,0.31247274004871284
0.06712121212121212,0.08861659593991908,0.6014426478824376,0.3099407561776433
0.06762626262626263,0.08202942012790194,0.609614736185751,0.30835584368634705
0.06813131313131314,0.0760311163826789,0.6162949713728388,0.30767391224448226
0.06863636363636363,0.07061664192839105,0.6215617895372623,0.3078215685343467
0.06914141414141414,0.0657817406630591,0.6255150660175918,0.30870319331934915
0.06964646464646465,0.061520988738300725,0.6282709149529938,0.3102080963087055
0.07015151515151516,0.05782659401742052,0.6299560669126246,0.31221733906995486
0.07065656565656567,0.054687876141634166,0.630702212450383,0.3146099114079828
0.07116161616161616,0.05209129047045875,0.6306406678806484,0.3172680416488928
0.07166666666666667,0.05002082844226179,0.6298976693363537,0.32008150222138454
0.07217171717171718,0.04845862649117587,0.6285905413601174,0.3229508321487068
0.07267676767676767,0.04738563833054713,0.626824922917125,0.3257894387523279
0.07318181818181818,0.04678226125388861,0.6246931694915316,0.32852456925457973
0.07368686868686869,0.04662884598413523,0.6222739849037263,0.3310971691121385
0.0741919191919192,0.04690605333828719,0.6196332693608643,0.3334606773008485
0.0746969696969697,0.047595044709656115,0.616826099740563,0.33557885554978084
0.07520202020202021,0.048677506001225446,0.6138996841769135,0.337422809821861
0.07570707070707071,0.05013550836814063,0.610897057799305,0.33896743383255434
0.07621212121212122,0.05195120832913297,0.6078612146935738,0.3401875769772933
0.07671717171717173,0.054106389602515605,0.6048393100047589,0.34105430039272555
0.07722222222222222,0.05658185380438813,0.6018865245042481,0.34153162169136386
0.07772727272727273,0.0593566794227581,0.5990691712474887,0.34157414932975316
0.07823232323232324,0.062407388231090426,0.5964666481990218,0.3411259635698878
0.07873737373737374,0.0657070829470732,0.5941719067816819,0.340121010271245
0.07924242424242425,0.06922464488080096,0.5922902142956634,0.33848514082353565
0.07974747474747476,0.0729240999139686,0.5909361322967109,0.3361397677893204
0.08025252525252526,0.07676426990801423,0.5902288016287778,0.333006928463208
0.08075757575757576,0.08069882032969018,0.5902858012069371,0.3290153784633727
0.08126262626262627,0.08467679144632077,0.5912160121522448,0.32410719640143437
0.08176767676767677,0.0886436604865437,0.59311205143098,0.3182442880824763
0.08227272727272728,0.09254292902787918,0.5960429221993174,0.3114141487728034
0.08277777777777778,0.09631816929480258,0.6000475491723712,0.30363428153282623
0.08328282828282829,0.09991540247400237,0.6051298210886996,0.29495477643729806
0.0837878787878788,0.10328562979935725,0.6112556511328776,0.2854587190677651
0.0842929292929293,0.10638730094895293,0.6183523999900258,0.27526029906102134
0.0847979797979798,0.10918849072505642,0.626310801328189,0.2645007079467546
0.08530303030303031,0.11166856807134976,0.6349893065415654,0.2533421253870849
0.08580808080808082,0.11381918191215606,0.6442205470677118,0.24196027102013207
0.08631313131313131,0.11564445296067373,0.6538194205219496,0.23053612651737665
0.08681818181818182,0.11716034263390308,0.6635921605374585,0.21924749682863842
0.08732323232323233,0.1183932594584533,0.6733456642752227,0.20826107626632395
0.08782828282828284,0.11937804783954557,0.6828963349409379,0.19772561721951654
0.08833333333333335,0.12015557156329273,0.6920777515743624,0.18776667686234494
0.08883838383838386,0.12077014444395495,0.7007466002736595,0.1784832552823855
0.08934343434343435,0.12126706632175394,0.708786478716353,0.1699464549618931
0.08984848484848486,0.12169049250260433,0.7161094023414486,0.16220010515594707
0.09035353535353535,0.12208180284838342,0.7226550742635982,0.15526312288801836
0.09085858585858586,0.12247855268355369,0.7283882074052009,0.14913323991124539
0.09136363636363637,0.12291399519407671,0.7332943812297413,0.14379162357618192
0.09186868686868688,0.12341707966086836,0.7373750534317813,0.13920786690735032
0.09237373737373739,0.12401276648109959,0.7406424101796869,0.1353448233392135
0.0928787878787879,0.12472246974767115,0.7431147155964322,0.13216281465589663
0.0933838383838384,0.12556444669191233,0.7448127105039624,0.12962284280412528
0.0938888888888889,0.1265539989953211,0.7457574219605484,0.12768857904413056
0.0943939393939394,0.12770342508899496,0.7459695006866836,0.12632707422432143
0.0948989898989899,0.12902175023172402,0.7454699358599254,0.1255083139083506
0.09540404040404041,0.130514343676415,0.7442817465367033,0.12520390978688167
0.09590909090909092,0.13218259014189032,0.7424320595566287,0.125385350301481
0.09641414141414142,0.13402379953062446,0.7399538948381749,0.12602230563120065
0.09691919191919193,0.13603150439456743,0.7368870187482018,0.1270814768572307
0.09742424242424244,0.13819620892835063,0.7332774041696978,0.12852638690195162
0.09792929292929294,0.1405065281863555,0.7291751367955642,0.1303183350180802
0.09843434343434344,0.14295051615899299,0.7246309885363288,0.1324184953046782
0.09893939393939395,0.14551686104304978,0.7196922729422295,0.1347908660147208
0.09944444444444445,0.14819556542603748,0.7143989187114635,0.13740551586249894
0.09994949494949495,0.15097776495674042,0.708780855838308,0.1402413792049516
0.10045454545454546,0.1538544942208561,0.7028577285566369,0.14328777722250707
0.10095959595959597,0.1568144803519704,0.6966415877703912,0.14654393187763837
0.10146464646464648,0.15984139597413877,0.6901425840261665,0.15001601999969483
0.10196969696969699,0.1629113578015207,0.6833768574990373,0.15371178469944202
0.10247474747474748,0.16599170811629482,0.6763749500672284,0.1576333418164768
0.10297979797979799,0.16904214262921732,0.6691883491820644,0.16176950818871827
0.10348484848484849,0.17201894687945787,0.6618914441316781,0.16608960898886405
0.103989898989899,0.17488242883658842,0.6545764445429267,0.17054112662048482
0.1044949494949495,0.1776066399104092,0.6473398158141698,0.17505354427542097
0.10500000000000001,0.1801893383440598,0.640260530314463,0.17955013134147724
