Parameter,Value
Generation,3
Best Fitness,0.40425966436383887
Genome,"[1, 1]"

Frequency,T,R,L
0.055,0.769920896094688,0.07239731939744283,0.15768178450786924
0.05550505050505051,0.7645084965454974,0.07796201502166913,0.15752948843283351
0.05601010101010101,0.7587603068756,0.08404602790055392,0.15719366522384604
0.05651515151515152,0.752671108464489,0.0906621113358367,0.15666678019967428
0.05702020202020202,0.7462106270935082,0.09781900252809318,0.15597037037839867
0.05752525252525253,0.7393270743936075,0.10552419426076667,0.15514873134562587
0.05803030303030303,0.7319530278459971,0.11378502548174013,0.15426194667226273
0.05853535353535354,0.7240121759690343,0.1226082683267394,0.15337955570422626
0.05904040404040404,0.7154260069290498,0.13199851820590383,0.15257547486504638
0.05954545454545455,0.7061199796180887,0.1419557440794425,0.1519242763024688
0.06005050505050505,0.6960290377352516,0.1524723611914615,0.15149860107328691
0.06055555555555556,0.685102500759196,0.16353017470989037,0.15136732453091364
0.061060606060606065,0.6733084094803101,0.1750975267099718,0.15159406380971807
0.06156565656565657,0.6606373522163757,0.18712696634098336,0.152235681442641
0.062070707070707075,0.6471056916622413,0.1995537489826896,0.1533405593550691
0.06257575757575758,0.632757992757735,0.2122954424626571,0.15494656477960786
0.06308080808080808,0.6176683572936216,0.22525286204783346,0.15707878065854497
0.06358585858585859,0.6019403335170771,0.23831245919511146,0.15974720728781144
0.06409090909090909,0.5857051109179887,0.2513501491908473,0.16294473989116398
0.0645959595959596,0.5691178385593045,0.264236390340322,0.16664577110037349
0.0651010101010101,0.5523521069487274,0.276842146924944,0.1708057461263286
0.06560606060606061,0.5355928752637015,0.28904521455509424,0.17536191018120428
0.06611111111111112,0.5190283592149825,0.30073629615183656,0.18023534463318097
0.06661616161616161,0.5028415675802179,0.31182421632028884,0.18533421609949324
0.06712121212121212,0.48720224585805477,0.322239758809693,0.19055799533225226
0.06762626262626263,0.47225993549603046,0.33193779026967,0.19580227423429958
0.06813131313131314,0.458138697822739,0.34089755815646705,0.20096374402079387
0.06863636363636363,0.4449338195942495,0.34912127654688685,0.20594490385886366
0.06914141414141414,0.43271056198451724,0.3566312993038823,0.21065813871160038
0.06964646464646465,0.4215047857649547,0.3634662979541225,0.21502891628092274
0.07015151515151516,0.41132511770810803,0.3696769030094704,0.21899797928242148
0.07065656565656567,0.40215623271528667,0.37532124080611556,0.22252252647859777
0.07116161616161616,0.3939628097637917,0.38046072307526335,0.22557646716094493
0.07166666666666667,0.38669376118957155,0.38515634709003627,0.22814989172039218
0.07217171717171718,0.3802864118526304,0.38946566163402097,0.2302479265133487
0.07267676767676767,0.37467039571958716,0.3934404633978802,0.23188914088253265
0.07318181818181818,0.3697711253606478,0.3971252178456338,0.23310365679371836
0.07368686868686869,0.3655127640775773,0.4005561501121656,0.23393108581025712
0.0741919191919192,0.3618206860508554,0.40376092292042154,0.23441839102872308
0.0746969696969697,0.3586234467325381,0.4067588055036112,0.2346177477638507
0.07520202020202021,0.3558543062604257,0.4095612352229958,0.2345844585165785
0.07570707070707071,0.3534523568061564,0.41217267766211546,0.23437496553172815
0.07621212121212122,0.35136330460893206,0.4145916981922796,0.23404499719878835
0.07671717171717173,0.3495399526632081,0.41681216625756573,0.23364788107922613
0.07722222222222222,0.347942423524828,0.41882452187512226,0.23323305460004967
0.07772727272727273,0.34653815550312805,0.4206170418120038,0.23284480268486812
0.07823232323232324,0.3453017008142519,0.42217705077219014,0.23252124841355803
0.07873737373737374,0.34421435156978714,0.4234920310795707,0.23229361735064225
0.07924242424242425,0.34326361869855093,0.42455059310630344,0.23218578819514563
0.07974747474747476,0.3424425895975772,0.4253432782162911,0.2322141321861318
0.08025252525252526,0.3417491918155296,0.4258631761604676,0.23238763202400287
0.08075757575757576,0.34118539166176365,0.42610634931787045,0.2327082590203659
0.08126262626262627,0.3407563576503331,0.4260720663856618,0.23317157596400512
0.08176767676767677,0.34046961863900504,0.42576285746309106,0.2337675238979039
0.08227272727272728,0.34033424513738847,0.425184410358396,0.23448134450421548
0.08277777777777778,0.3403600794964061,0.42434533390955714,0.23529458659403674
0.08328282828282829,0.34055703672221366,0.42325681787655534,0.23618614540123095
0.0837878787878788,0.3409344928039669,0.42193222047967793,0.23713328671635514
0.0842929292929293,0.34150077211705676,0.42038661407823485,0.23811261380470838
0.0847979797979798,0.34226274008938257,0.41863631712501725,0.23910094278560023
0.08530303030303031,0.3432255022846153,0.4166984368207943,0.24007606089459033
0.08580808080808082,0.34439220666449466,0.4145904423017138,0.24101735103379152
0.08631313131313131,0.3457639422358072,0.4123297831823574,0.2419062745818354
0.08681818181818182,0.347339724647892,0.4099335632576026,0.24272671209450541
0.08732323232323233,0.3491165575643569,0.40741827446805734,0.24346516796758577
0.08782828282828284,0.3510895576910413,0.4047995920984058,0.24411085021055284
0.08833333333333335,0.35325213105544,0.40209222875975426,0.2446556401848058
0.08883838383838386,0.3555961883357328,0.39930984208132597,0.24509396958294122
0.08934343434343435,0.3581123875734604,0.39646498921323164,0.24542262321330793
0.08984848484848486,0.3607903933451255,0.3935691201788789,0.24564048647599557
0.09035353535353535,0.36361914232908404,0.3906326017305936,0.2457482559403224
0.09085858585858586,0.36658710614547557,0.3876647635476606,0.24574813030686388
0.09136363636363637,0.3696825433692043,0.38467395924501674,0.2456434973857789
0.09186868686868688,0.372893733745478,0.381667635601406,0.24543863065311594
0.09237373737373739,0.37620918890639987,0.37865240453810356,0.24513840655549657
0.0928787878787879,0.3796178353106017,0.3756341135669795,0.24474805112241882
0.0933838383838384,0.3831091666836985,0.37261791158795676,0.2442729217283447
0.0938888888888889,0.3866733648507903,0.3696083079880392,0.24371832716117053
0.0943939393939394,0.39030138939570064,0.36660922394989526,0.24308938665440416
0.0948989898989899,0.39398503788443984,0.3636240357227468,0.24239092639281334
0.09540404040404041,0.39771697926821237,0.3606556103689926,0.24162741036279506
0.09590909090909092,0.4014907633764434,0.3577063352150553,0.2408029014085013
0.09641414141414142,0.4053008090406569,0.3547781429271207,0.23992104803222242
0.09691919191919193,0.40914237239603585,0.35187253479308583,0.23898509281087826
0.09742424242424244,0.4130114954876162,0.3489906053600391,0.2379978991523447
0.09792929292929294,0.41690493382693394,0.3461330719286226,0.23696199424444347
0.09843434343434344,0.42082006050390125,0.3433003123625081,0.23587962713359073
0.09893939393939395,0.424754744433733,0.3404924140225251,0.23475284154374193
0.09944444444444445,0.428707201835436,0.3377092351768141,0.2335835629877499
0.09994949494949495,0.4326758234462682,0.33495047784172194,0.23237369871200986
0.10045454545454546,0.4366589852786754,0.3322157676765591,0.2311252470447655
0.10095959595959597,0.44065485745864724,0.32950473250381573,0.22984041003753697
0.10146464646464648,0.4446612328296372,0.32681706671618743,0.22852170045417536
0.10196969696969699,0.4486754030179109,0.3241525649954694,0.22717203198661962
0.10247474747474748,0.4526941125953764,0.32151110635232155,0.22579478105230205
0.10297979797979799,0.45671361981731584,0.3188925695589856,0.22439381062369856
0.10348484848484849,0.46072988344003996,0.3162966645479475,0.22297345201201252
0.103989898989899,0.4647388784709533,0.31372267187119895,0.22153844965784775
0.1044949494949495,0.468737019846226,0.3111690936798714,0.22009388647390266
0.10500000000000001,0.47272164421262475,0.30863323345181226,0.218645122335563
