Parameter,Value
Generation,6
Best Fitness,1.0577321460748264
Genome,"[2, 2, 2, 0, 2, 2, 0, 2, 2, 2, 2, 2, 2, 2, 2, 2, 1, 2, 1, 0, 3, 2, 0, 2, 0, 1, 1, 2, 3]"

Frequency,T,R,L
0.055,0.18694052008651854,0.40500092764841844,0.40805855226506305
0.05550505050505051,0.16661432832368628,0.45097526995091153,0.3824104017254022
0.05601010101010101,0.14595453236701555,0.49092318738492946,0.36312228024805504
0.05651515151515152,0.1258010120815017,0.5258006889226644,0.34839829899583385
0.05702020202020202,0.10689737908153069,0.5573626164528023,0.3357400044656671
0.05752525252525253,0.08980429703974269,0.5871765756419262,0.32301912731833116
0.05803030303030303,0.07486822491451622,0.6160912641917277,0.30904051089375606
0.05853535353535354,0.062231057086114996,0.6441630801889869,0.2936058627248981
0.05904040404040404,0.05186293888317288,0.6709018427412194,0.2772352183756077
0.05954545454545455,0.04360432681003447,0.6956471529798914,0.2607485202100741
0.06005050505050505,0.03720893691259903,0.7179098836658379,0.24488117942156307
0.06055555555555556,0.03238342463589695,0.73757567796985,0.23004089739425304
0.061060606060606065,0.028821667509628997,0.7549385305445393,0.2162398019458317
0.06156565656565657,0.026232105642498723,0.7705910788605456,0.20317681549695576
0.062070707070707075,0.024356875249401465,0.7852333495617914,0.1904097751888072
0.06257575757575758,0.022982199521430453,0.7994714725044547,0.17754632797411485
0.06308080808080808,0.021940755813201433,0.8136664700892267,0.16439277409757191
0.06358585858585859,0.021108070140807417,0.8278682581793492,0.15102367167984343
0.06409090909090909,0.0203958019204155,0.8418403187820805,0.137763879297504
0.0645959595959596,0.019744700045831013,0.8551544382275237,0.12510086172664525
0.0651010101010101,0.019119087114926128,0.8673186723556842,0.11356224052938968
0.06560606060606061,0.018503399630842847,0.8778982598447553,0.10359834052440187
0.06611111111111112,0.01790016880466199,0.8865977448455026,0.09550208634983548
0.06661616161616161,0.017328315323549,0.8932889764106732,0.08938270826577788
0.06712121212121212,0.016820849312385925,0.8979879522483643,0.08519119843924983
0.06762626262626263,0.01642175032222242,0.900797847402709,0.08278040227506867
0.06813131313131314,0.016182501597373285,0.9018422047940903,0.08197529360853639
0.06863636363636363,0.016159083549857664,0.9012103769600194,0.082630539490123
0.06914141414141414,0.01641006203061722,0.8989289697999038,0.08466096816947899
0.06964646464646465,0.016995890705653785,0.8949620376765458,0.08804207161780042
0.07015151515151516,0.017978998870707585,0.8892330663494911,0.0927879347798014
0.07065656565656567,0.01942394417690876,0.8816561578364844,0.09891989798660683
0.07116161616161616,0.021396986315695855,0.8721632962486757,0.10643971743562841
0.07166666666666667,0.02396478351327118,0.8607183889618052,0.11531682752492367
0.07217171717171718,0.027192296204135054,0.8473150585289256,0.12549264526693926
0.07267676767676767,0.031140173687342496,0.8319616513516276,0.13689817496102996
0.07318181818181818,0.03586179969771978,0.8146616871958079,0.14947651310647236
0.07368686868686869,0.041399859355136924,0.7953998092466944,0.1632003313981687
0.0741919191919192,0.04778197863270351,0.774141927656791,0.17807609371050548
0.0746969696969697,0.05501492542556902,0.7508542351636037,0.19413083941082732
0.07520202020202021,0.06307720341504713,0.7255402691994526,0.21138252738550034
0.07570707070707071,0.0719105923830497,0.6982896494554468,0.22979975816150355
0.07621212121212122,0.0814120764240943,0.6693279399447,0.24925998363120572
0.07671717171717173,0.09142831694822144,0.6390553338069672,0.2695163492448114
0.07722222222222222,0.10175503469056901,0.6080630313283352,0.2901819339810958
0.07772727272727273,0.11214316378029981,0.5771200898465382,0.31073674637316195
0.07823232323232324,0.12231245727829414,0.5471293319996697,0.33055821072203617
0.07873737373737374,0.13197162177342828,0.519057299839464,0.3489710783871077
0.07924242424242425,0.14084246686329183,0.493848758988607,0.3653087741481012
0.07974747474747476,0.14868443021445643,0.4723395949019168,0.3789759748836268
0.08025252525252526,0.1553155167168166,0.45518231545102245,0.389502167832161
0.08075757575757576,0.16062627837534094,0.4427957066526951,0.396578014971964
0.08126262626262627,0.1645848071519988,0.4353451458685536,0.40007004697944754
0.08176767676767677,0.16723245734439177,0.43275389266719255,0.4000136499884157
0.08227272727272728,0.16867171020385,0.4347398323726161,0.39658845742353394
0.08277777777777778,0.16904884239510373,0.4408679825530391,0.39008317505185713
0.08328282828282829,0.16853461962826785,0.45060744772843414,0.380857932643298
0.0837878787878788,0.16730607121855692,0.46338259560971595,0.36931133317172715
0.0842929292929293,0.16553166094953198,0.478611504375676,0.355856834674792
0.0847979797979798,0.1633611206333178,0.4957291491753642,0.34090973019131793
0.08530303030303031,0.16092014538455893,0.5141971002711426,0.3248827543442985
0.08580808080808082,0.15830929778723596,0.5335045770841909,0.30818612512857313
0.08631313131313131,0.1556059624292553,0.5531668557587435,0.29122718181200125
0.08681818181818182,0.15286805211963764,0.5727261667357122,0.2744057811446502
0.08732323232323233,0.15013832398954666,0.5917578251887399,0.2581038508217135
0.08782828282828284,0.14744850003378854,0.6098813003399544,0.24267019962625713
0.08833333333333335,0.1448227749358716,0.6267732710106722,0.22840395405345626
0.08883838383838386,0.14228062654849205,0.642178286706324,0.2155410867451839
0.08934343434343435,0.13983905112654366,0.6559128954507376,0.20424805342271868
0.08984848484848486,0.13751440151694586,0.667860915651447,0.19462468283160717
0.09035353535353535,0.13532393235256596,0.6779603203459812,0.1867157473014529
0.09085858585858586,0.13328701033126622,0.6861850430944834,0.18052794657425042
0.09136363636363637,0.13142581117201657,0.6925269303594163,0.17604725846856717
0.09186868686868688,0.12976527797482162,0.6969833308545254,0.17325139117065302
0.09237373737373739,0.1283322082502824,0.699554195626347,0.17211359612337052
0.0928787878787879,0.12715356260547625,0.7002494331918208,0.17259700420270296
0.0933838383838384,0.12625437491433583,0.699103529716633,0.17464209536903108
0.0938888888888889,0.12565586995245745,0.6961913156796745,0.178152814367868
0.0943939393939394,0.12537443180041527,0.6916373959208765,0.18298817227870823
0.0948989898989899,0.12542183948864935,0.6856128821151181,0.18896527839623256
0.09540404040404041,0.1258067243183419,0.6783166659037557,0.19587660977790244
0.09590909090909092,0.12653665578526993,0.6699436995791689,0.20351964463556116
0.09641414141414142,0.12761986345430673,0.6606480733306892,0.21173206321500404
0.09691919191919193,0.12906557863295767,0.650512268406718,0.2204221529603243
0.09742424242424244,0.1308824423564915,0.6395342726441788,0.22958328499932967
0.09792929292929294,0.13307527832480243,0.6276405614374776,0.23928416023772003
0.09843434343434344,0.13564145376705872,0.6147257994695998,0.24963274676334146
0.09893939393939395,0.1385686009078545,0.6007113076627013,0.2607200914294442
0.09944444444444445,0.14183525392108287,0.5856065564045531,0.27255818967436407
0.09994949494949495,0.1454148473149211,0.5695540081654263,0.2850311445196526
0.10045454545454546,0.14928181780946528,0.5528395418592246,0.2978786403313102
0.10095959595959597,0.15341695920150195,0.5358588066091281,0.3107242341893699
0.10146464646464648,0.15780859417208395,0.519042497381826,0.3231489084460901
0.10196969696969699,0.16244723792707183,0.502757269549505,0.3347954925234232
0.10247474747474748,0.16731428256479375,0.48720952694664066,0.3454761904885656
0.10297979797979799,0.17236895890377898,0.4723828767048881,0.3552481643913329
0.10348484848484849,0.17754074173824044,0.4580347786960359,0.36442447956572366
0.103989898989899,0.1827344980662003,0.44376463831232144,0.37350086362147833
0.1044949494949495,0.18785174644555236,0.42914760474414576,0.3830006488103019
0.10500000000000001,0.19282376349677974,0.413910240598029,0.39326599590519123
