Parameter,Value
Generation,14
Best Fitness,1.1103526485630624
Genome,"[2, 2, 2, 2, 2, 0, 1, 1, 1, 1, 1, 1, 1, 3, 0, 2, 1, 1, 3, 3, 3, 2, 2, 3, 0, 1, 0, 3, 2]"

Frequency,T,R,L
0.055,0.15534232850864485,0.38243355462891343,0.46222411686244175
0.05550505050505051,0.13797045895011695,0.3970625960267107,0.4649669450231724
0.05601010101010101,0.12417270272966316,0.40979387628456315,0.46603342098577366
0.05651515151515152,0.11350884923219977,0.42125301319055053,0.46523813757724974
0.05702020202020202,0.10543137980184121,0.4320256723317639,0.4625429478663948
0.05752525252525253,0.09939606505108087,0.4426371957407934,0.4579667392081257
0.05803030303030303,0.09492466999554061,0.45353949866801785,0.45153583133644154
0.05853535353535354,0.0916137750062547,0.4650837719007518,0.44330245309299354
0.05904040404040404,0.08912356859423007,0.4775056696247509,0.433370761781019
0.05954545454545455,0.08717456843689345,0.49094355989259164,0.42188187167051494
0.06005050505050505,0.08554952615527232,0.5054707834508999,0.40897969039382776
0.06055555555555556,0.08408585145319863,0.521109457064513,0.3948046914822885
0.061060606060606065,0.0826583098509181,0.5378215390288692,0.37952015112021265
0.06156565656565657,0.08116541842791436,0.5555020217178521,0.3633325598542335
0.062070707070707075,0.07952713827125973,0.5739925513034179,0.34648031042532246
0.06257575757575758,0.07768717506988089,0.5931045575431817,0.3292082673869374
0.06308080808080808,0.07561038364268889,0.6126294853268855,0.31176013103042555
0.06358585858585859,0.07327574490620907,0.6323335290488963,0.2943907260448947
0.06409090909090909,0.07067258812772652,0.651957046700395,0.2773703651718785
0.0645959595959596,0.06780292576121272,0.6712337614587943,0.26096331277999296
0.0651010101010101,0.06468421167463503,0.6899190064882013,0.24539678183716374
0.06560606060606061,0.061346803446155354,0.7078042344213351,0.2308489621325095
0.06611111111111112,0.05782814553109422,0.7247128608319225,0.21745899363698318
0.06661616161616161,0.05416982671638418,0.7404964162114924,0.20533375707212342
0.06712121212121212,0.050418793267733165,0.7550474928985099,0.19453371383375695
0.06762626262626263,0.04662765724134746,0.7683193622651345,0.18505298049351804
0.06813131313131314,0.04285039971197555,0.7803269136102859,0.17682268667773848
0.06863636363636363,0.0391367310556379,0.7911225632308587,0.16974070571350341
0.06914141414141414,0.03553084086331899,0.8007722551837696,0.16369690395291137
0.06964646464646465,0.032074425738530504,0.8093589635204581,0.15856661074101142
0.07015151515151516,0.028807595581121594,0.8170055035596108,0.15418690085926767
0.07065656565656567,0.02576351262780036,0.823874730672945,0.15036175669925456
0.07116161616161616,0.022961308231135413,0.8301176053537596,0.14692108641510504
0.07166666666666667,0.020406030453184655,0.8357930869557528,0.1438008825910625
0.07217171717171718,0.018098074884672907,0.8408240700883118,0.1410778550270153
0.07267676767676767,0.016044323585732916,0.8450339800453674,0.13892169636889962
0.07318181818181818,0.014260578264103659,0.8482423507756183,0.13749707096027808
0.07368686868686869,0.012762878985846366,0.850347199416154,0.13688992159799962
0.0741919191919192,0.011555371789152216,0.8513361627474212,0.1371084654634266
0.0746969696969697,0.010624367778364504,0.8512331293821901,0.1381425028394454
0.07520202020202021,0.009941309637677358,0.8500405660215674,0.14001812434075522
0.07570707070707071,0.009469726455314145,0.8477322726006843,0.14279800094400152
0.07621212121212122,0.009170254516473466,0.8442982693527985,0.14653147613072803
0.07671717171717173,0.009002532133327188,0.8397971085642989,0.15120035930237397
0.07722222222222222,0.008926774067658948,0.8343719099776635,0.1567013159546775
0.07772727272727273,0.008907123291750727,0.8282252188936688,0.16286765781458046
0.07823232323232324,0.008915636673485614,0.8215811001812406,0.16950326314527375
0.07873737373737374,0.008934408679521636,0.8146612471797152,0.17640434414076311
0.07924242424242425,0.008955031439880901,0.807676217793572,0.18336875076654713
0.07974747474747476,0.008976698224552104,0.8008159674609026,0.1902073343145454
0.08025252525252526,0.009004351652940468,0.7942320322184786,0.19676361612858095
0.08075757575757576,0.009046961553485767,0.7880221915969947,0.20293084684951956
0.08126262626262627,0.009115431213968333,0.7822324883837628,0.2086520804022689
0.08176767676767677,0.00922037218277265,0.776876178530867,0.2139034492863604
0.08227272727272728,0.009370652704148878,0.7719533311237984,0.2186760161720528
0.08277777777777778,0.00957309425978878,0.7674570761358817,0.22296982960432954
0.08328282828282829,0.009832683157917077,0.763369464252481,0.22679785258960194
0.0837878787878788,0.010152548319983997,0.7596611513782123,0.23018630030180365
0.0842929292929293,0.01053377051747327,0.7563020384148352,0.23316419106769148
0.0847979797979798,0.01097559144485111,0.7532742694182842,0.2357501391368646
0.08530303030303031,0.011476105171579251,0.7505742636988137,0.237949631129607
0.08580808080808082,0.012032840395994721,0.7482025582825228,0.23976460132148247
0.08631313131313131,0.012642813026060802,0.7461543627281063,0.24120282424583284
0.08681818181818182,0.013302392787392734,0.7444224497291974,0.2422751574834099
0.08732323232323233,0.014007551318779787,0.7430084794692093,0.24298396921201082
0.08782828282828284,0.014754417869106367,0.7419278079227727,0.24331777420812095
0.08833333333333335,0.015539532563439108,0.7412001530286033,0.2432603144079576
0.08883838383838386,0.01635958351145234,0.7408359703835287,0.24280444610501895
0.08934343434343435,0.017211171294165724,0.7408346959292694,0.24195413277656486
0.08984848484848486,0.01809110499152878,0.7411973161757114,0.24071157883275984
0.09035353535353535,0.018996900773574715,0.7419375902314406,0.2390655089949847
0.09085858585858586,0.01992677151916183,0.743076261257226,0.2369969672236122
0.09136363636363637,0.020879118478851107,0.7446227310755936,0.23449815044555522
0.09186868686868688,0.021852338180320584,0.7465655860820346,0.23158207573764478
0.09237373737373739,0.022845354645075394,0.7488848708802633,0.22826977447466124
0.0928787878787879,0.0238581463596406,0.7515723862287536,0.22456946741160588
0.0933838383838384,0.024891398728129226,0.7546332315069743,0.22047536976489657
0.0938888888888889,0.025945694976419797,0.7580616654809528,0.21599263954262737
0.0943939393939394,0.027021530059545988,0.761817166822555,0.21116130311789905
0.0948989898989899,0.028120340802545208,0.7658317061659544,0.20604795303150036
0.09540404040404041,0.029245035729117255,0.7700440597509363,0.20071090451994644
0.09590909090909092,0.0303989081667411,0.7744191720465342,0.19518191978672472
0.09641414141414142,0.031584269787230675,0.7789200060866828,0.1894957241260865
0.09691919191919193,0.03280310191067966,0.783455467451718,0.1837414306376023
0.09742424242424244,0.03405931646027138,0.7878678789146333,0.17807280462509534
0.09792929292929294,0.03535915427376242,0.7919883533062934,0.17265249241994418
0.09843434343434344,0.03670800269701343,0.7957028189410984,0.16758917836188814
0.09893939393939395,0.03810757186913789,0.7989354236706057,0.1629570044602564
0.09944444444444445,0.039559022648625077,0.8015359124354372,0.1589050649159377
0.09994949494949495,0.04107046779634124,0.8031875592064366,0.15574197299722214
0.10045454545454546,0.042658547103125735,0.8034773752022839,0.15386407769459032
0.10095959595959597,0.04433646495075627,0.8021185269528501,0.1535450080963936
0.10146464646464648,0.04609627537978036,0.7991171828605173,0.1547865417597024
0.10196969696969699,0.04790485021571494,0.7946654851530549,0.1574296646312302
0.10247474747474748,0.04972396064579301,0.7887927455620767,0.16148329379213033
0.10297979797979799,0.051540527299391514,0.7810926362750193,0.16736683642558914
0.10348484848484849,0.05337907823659884,0.770833589307254,0.1757873324561472
0.103989898989899,0.05528245764781372,0.7573952764788843,0.18732226587330203
0.1044949494949495,0.05727626675008591,0.7406130387295883,0.20211069452032582
0.10500000000000001,0.0593474719984805,0.720684503931566,0.21996802406995353
