Parameter,Value
Generation,19
Best Fitness,1.1598218387932846
Genome,"[2, 2, 2, 2, 2, 0, 1, 1, 1, 0, 2, 2, 3, 3, 1, 2, 1, 1, 2, 3, 2, 2, 2]"

Frequency,T,R,L
0.055,0.1995909746704808,0.4186112506067452,0.381797774722774
0.05550505050505051,0.17752784792188045,0.42961800432067754,0.392854147757442
0.05601010101010101,0.15965944605014618,0.4393493399734743,0.40099121397637955
0.05651515151515152,0.1453827661128598,0.44847595298131754,0.40614128090582263
0.05702020202020202,0.13401558193853771,0.45757278949525715,0.40841162856620516
0.05752525252525253,0.12487687435822346,0.467135517091899,0.40798760854987753
0.05803030303030303,0.1173414920231508,0.47756877780383583,0.40508973017301336
0.05853535353535354,0.11087678703331483,0.4891494178821812,0.399973795084504
0.05904040404040404,0.10505631448917253,0.5020246892105655,0.39291899630026195
0.05954545454545455,0.09955484875105314,0.5162485638180903,0.3841965874308566
0.06005050505050505,0.0941386274003608,0.5318049523680545,0.3740564202315847
0.06055555555555556,0.08865786161101441,0.5485989910414956,0.36274314734749
0.061060606060606065,0.08303758749833595,0.5664510910829078,0.3505113214187562
0.06156565656565657,0.07726349636599932,0.5851186553504725,0.33761784828352825
0.062070707070707075,0.07136640941739886,0.6043242753347254,0.32430931524787565
0.06257575757575758,0.065409725397935,0.6237636808314971,0.31082659377056787
0.06308080808080808,0.05947881512597189,0.6431037784652786,0.2974174064087496
0.06358585858585859,0.05366956024629224,0.6619970503584119,0.28433338939529584
0.06409090909090909,0.04807701953147094,0.6801109030348181,0.27181207743371094
0.0645959595959596,0.04278743256025278,0.6971471812690496,0.26006538617069763
0.0651010101010101,0.03787402919216864,0.7128439458493002,0.24928202495853113
0.06560606060606061,0.03339433481231284,0.7269782538116173,0.2396274113760699
0.06611111111111112,0.02938795423678842,0.7393821879414924,0.23122985782171923
0.06661616161616161,0.025876201557464725,0.7499577274935846,0.2241660709489507
0.06712121212121212,0.022864260892942908,0.7586731849086014,0.21846255419845573
0.06762626262626263,0.020344274934391653,0.7655483352174521,0.21410738984815625
0.06813131313131314,0.018297755932696037,0.7706473071364522,0.21105493693085176
0.06863636363636363,0.016697726606311383,0.7740801224008451,0.20922215099284347
0.06914141414141414,0.015511595052965585,0.7759962310679935,0.20849217387904084
0.06964646464646465,0.01470427638761307,0.7765644504962929,0.20873127311609407
0.07015151515151516,0.014240281248395843,0.7759547275372434,0.2098049912143608
0.07065656565656567,0.014084705532791498,0.7743344747112386,0.21158081975596987
0.07116161616161616,0.014204172688450213,0.7718706646214497,0.2139251626901001
0.07166666666666667,0.01456807136126473,0.7687225318091244,0.21670939682961088
0.07217171717171718,0.01514928806243958,0.7650277891742402,0.21982292276332027
0.07267676767676767,0.015923988298875834,0.7608985581332397,0.22317745356788443
0.07318181818181818,0.016871148886946553,0.7564307762101438,0.22669807490290972
0.07368686868686869,0.01797254401533808,0.7517122980495188,0.23031515793514312
0.0741919191919192,0.019212817821621073,0.7468192071045221,0.2339679750738568
0.0746969696969697,0.02057895112614267,0.7418102091561878,0.2376108397176695
0.07520202020202021,0.022059318115106683,0.7367336057695064,0.24120707611538694
0.07570707070707071,0.023643080995808106,0.7316428461028508,0.24471407290134106
0.07621212121212122,0.02531997944650777,0.7266036407033172,0.24807637985017505
0.07671717171717173,0.027079829454844054,0.721688618199838,0.2512315523453179
0.07722222222222222,0.028911487042624147,0.7169748157511588,0.254113697206217
0.07772727272727273,0.03080189179539602,0.7125547131299208,0.25664339507468314
0.07823232323232324,0.03273564951259074,0.7085492067906374,0.25871514369677184
0.07873737373737374,0.03469474111091233,0.7051051437582726,0.2602001151308151
0.07924242424242425,0.03665785840718699,0.7023807310739021,0.260961410518911
0.07974747474747476,0.038599741394896046,0.7005381397853832,0.26086211881972077
0.08025252525252526,0.04049127717234368,0.6997484094791282,0.2597603133485281
0.08075757575757576,0.04230037229015242,0.7001900209873346,0.257509606722513
0.08126262626262627,0.043992974909472855,0.7020266816437908,0.25398034344673637
0.08176767676767677,0.04553414646937988,0.705378268127916,0.24908758540270404
0.08227272727272728,0.04688981828859852,0.7103091759860422,0.24280100572535934
0.08277777777777778,0.04802943574086435,0.7168331305597297,0.23513743369940587
0.08328282828282829,0.04892863985498963,0.7249099997919066,0.22616136035310375
0.0837878787878788,0.04957111485439063,0.734426201735935,0.21600268340967443
0.0842929292929293,0.04994974642203198,0.7451842397582473,0.2048660138197207
0.0847979797979798,0.050067580454372006,0.7569253630715964,0.1930070564740316
0.08530303030303031,0.04993818745818937,0.7693687556083517,0.18069305693345894
0.08580808080808082,0.04958455730791774,0.7822294653280969,0.16818597736398533
0.08631313131313131,0.049036687785843115,0.7952111798906459,0.15575213232351093
0.08681818181818182,0.0483291348748571,0.8080118208460135,0.14365904427912934
0.08732323232323233,0.0474991892581682,0.8203632505368572,0.13213756020497458
0.08782828282828284,0.04658498721396349,0.8320690210299392,0.12134599175609728
0.08833333333333335,0.045623053752230934,0.8429933252253103,0.11138362102245869
0.08883838383838386,0.04464626974709838,0.8530178459171017,0.10233588433579988
0.08934343434343435,0.04368340939546582,0.8620329552459863,0.09428363535854789
0.08984848484848486,0.04275958065430478,0.8699818072895277,0.08725861205616758
0.09035353535353535,0.04189595890037228,0.8768879137068694,0.08121612739275841
0.09085858585858586,0.041108909468100675,0.8828048936822293,0.0760861968496701
0.09136363636363637,0.04041028145097276,0.8877412167471708,0.07184850180185642
0.09186868686868688,0.03980922743994512,0.891669857179126,0.06852091538092897
0.09237373737373739,0.03931336445796286,0.8946213429822004,0.06606529255983673
0.0928787878787879,0.038927917758812096,0.8967171777734888,0.06435490446769909
0.0933838383838384,0.03865496239312693,0.8980585574959551,0.06328648011091798
0.0938888888888889,0.03849520229987312,0.8986078720313567,0.06289692566877014
0.0943939393939394,0.038450490261679605,0.8982635302655119,0.06328597947280856
0.0948989898989899,0.038523224753992294,0.8970674318705406,0.06440934337546711
0.09540404040404041,0.038713452721930594,0.8952272465385118,0.06605930073955757
0.09590909090909092,0.03901919139137964,0.8928294517533186,0.06815135685530171
0.09641414141414142,0.039441161054942185,0.889615535840993,0.07094330310406483
0.09691919191919193,0.03998477722334893,0.8852579401462239,0.07475728263042714
0.09742424242424244,0.04065448679937399,0.8798843579280172,0.07946115527260877
0.09792929292929294,0.0414487101853553,0.8739907464508617,0.08456054336378294
0.09843434343434344,0.0423673507507335,0.8674743026736152,0.09015834657565125
0.09893939393939395,0.0434258836260296,0.8589689920591204,0.09760512431485002
0.09944444444444445,0.04465239362173346,0.8470068842900813,0.10834072208818524
0.09994949494949495,0.046058654891355064,0.8325430711172026,0.12139827399144232
0.10045454545454546,0.04761465765841648,0.819921403395127,0.13246393894645658
0.10095959595959597,0.04926647186861221,0.8139339233452276,0.13679960478616016
0.10146464646464648,0.05099258016134708,0.8148530191640316,0.13415440067462125
0.10196969696969699,0.05284057143114382,0.8167740252396976,0.1303854033291586
0.10247474747474748,0.05489676784265454,0.8122454909651302,0.13285774119221527
0.10297979797979799,0.05721560559335402,0.7992224243005934,0.14356197010605254
0.10348484848484849,0.0597861451182478,0.7827182201855071,0.15749563469624517
0.103989898989899,0.06257178191735555,0.7687623204551218,0.1686658976275226
0.1044949494949495,0.06557169074554985,0.7574378602961253,0.17699044895832494
0.10500000000000001,0.06882833466339838,0.7435415844994372,0.18763008083716437
