Parameter,Value
Generation,3
Best Fitness,0.9055588581480759
Genome,"[2, 2, 2, 2, 2, 3, 0, 1, 2, 2, 2, 3, 1, 1, 1, 1, 1, 1, 3, 2, 3, 3, 3]"

Frequency,T,R,L
0.055,0.18717969041330262,0.31414286155636933,0.49867744803032804
0.05550505050505051,0.16813928489204186,0.32376049826821285,0.5081002168397453
0.05601010101010101,0.1533355228869986,0.3320853640392327,0.5145791130737687
0.05651515151515152,0.14216005540921248,0.3397572477635493,0.5180826968272382
0.05702020202020202,0.13387477853296642,0.34732135225742344,0.5188038692096102
0.05752525252525253,0.12777993402811294,0.355207311401677,0.5170127545702101
0.05803030303030303,0.12329141640360045,0.36374559245547755,0.512962991140922
0.05853535353535354,0.11992796672514619,0.37318633301756376,0.5068857002572901
0.05904040404040404,0.11728161315122368,0.38370361898386196,0.4990147678649144
0.05954545454545455,0.11501849146508544,0.3953897450787641,0.4895917634561504
0.06005050505050505,0.11289175723379512,0.4082552703158816,0.4788529724503233
0.06055555555555556,0.11073179161341491,0.42224400221483493,0.4670242061717501
0.061060606060606065,0.10841541276470017,0.4372550418824284,0.45432954535287146
0.06156565656565657,0.10584398435593133,0.4531553545150658,0.4410006611290029
0.062070707070707075,0.10294514928561752,0.4697762237523452,0.42727862696203733
0.06257575757575758,0.09968225898751405,0.48690469628646127,0.4134130447260247
0.06308080808080808,0.09605114676583613,0.5042865933712861,0.39966225986287773
0.06358585858585859,0.09206602705714614,0.5216446987748014,0.3862892741680525
0.06409090909090909,0.08775151264864947,0.5386995526053893,0.3735489347459613
0.0645959595959596,0.0831474722628766,0.5551795190202125,0.361673008716911
0.0651010101010101,0.07831534755188849,0.570821412271355,0.3508632401767565
0.06560606060606061,0.07333386790301281,0.5853746607352267,0.3412914713617605
0.06611111111111112,0.06828753930726815,0.5986165930187667,0.33309586767396515
0.06661616161616161,0.06326026816815108,0.6103709666317015,0.32636876520014735
0.06712121212121212,0.05833782063510981,0.6205155315250362,0.3211466478398539
0.06762626262626263,0.05361031132031922,0.6289748828382294,0.3174148058414513
0.06813131313131314,0.0491670410871982,0.6357091147378354,0.3151238441749664
0.06863636363636363,0.04508792174670384,0.6407096307193713,0.3142024475339249
0.06914141414141414,0.04144106135869424,0.6440006698482443,0.3145582687930615
0.06964646464646465,0.03828786804885951,0.6456352080040547,0.31607692394708575
0.07015151515151516,0.03568742348066002,0.6456793529710301,0.3186332235483099
0.07065656565656567,0.03369421164175285,0.6441932288361748,0.3221125595220723
0.07116161616161616,0.03235371349402361,0.641221142984734,0.3264251435212424
0.07166666666666667,0.03170398658745568,0.6367932663642238,0.3315027470483205
0.07217171717171718,0.03178312225809834,0.6309279646293515,0.33728891311255016
0.07267676767676767,0.032634010076395416,0.6236246649408765,0.343741324982728
0.07318181818181818,0.03430120066786944,0.6148514170483195,0.35084738228381107
0.07368686868686869,0.03682559508288053,0.6045417238591714,0.3586326810579481
0.0741919191919192,0.040245946258423,0.5926078478659413,0.3671462058756356
0.0746969696969697,0.04460603691426427,0.5789597762497048,0.3764341868360309
0.07520202020202021,0.04995544233405704,0.5635119537718358,0.38653260389410715
0.07570707070707071,0.0563354678963727,0.5461752354418796,0.3974892966617477
0.07621212121212122,0.06375806865778606,0.5268554747823857,0.4093864565598282
0.07671717171717173,0.0721952697325576,0.505486367232096,0.4223183630353464
0.07722222222222222,0.08158622173503681,0.4821019991246476,0.4363117791403156
0.07772727272727273,0.09184792185570036,0.4569226355907841,0.45122944255351555
0.07823232323232324,0.10286704446673069,0.43041603638127235,0.466716919151997
0.07873737373737374,0.1144653938126663,0.4033167760329998,0.4822178301543339
0.07924242424242425,0.126356431553371,0.3766163480264622,0.49702722042016684
0.07974747474747476,0.13812142937988878,0.35154482743796284,0.5103337431821484
0.08025252525252526,0.14922258538167454,0.32954091647600714,0.5212364981423183
0.08075757575757576,0.1590505226428031,0.3121764038629402,0.5287730734942567
0.08126262626262627,0.1669930763720683,0.30099995989206696,0.5320069637358648
0.08176767676767677,0.17251403079564503,0.2973054953646199,0.5301804738397351
0.08227272727272728,0.1752327884190677,0.30188543310376753,0.5228817784771649
0.08277777777777778,0.17499047332144413,0.31485658582532305,0.5101529408532328
0.08328282828282829,0.17188135991790637,0.33562393581564154,0.49249470426645214
0.0837878787878788,0.1662338847456368,0.36299101799150923,0.47077509726285394
0.0842929292929293,0.15854492647388385,0.3953718765474662,0.44608319697864995
0.0847979797979798,0.14939105377802828,0.4310364033301829,0.4195725428917888
0.08530303030303031,0.1393457371938116,0.4683296332895074,0.392324629516681
0.08580808080808082,0.12892049897043967,0.5058293354114762,0.3652501656180841
0.08631313131313131,0.11853260925632003,0.5424291789099033,0.3390382118337767
0.08681818181818182,0.10849386981458779,0.5773522960385516,0.3141538341468606
0.08732323232323233,0.09901494999290097,0.6101136999974431,0.2908713500096559
0.08782828282828284,0.09022086817999876,0.640458247889033,0.2693208839309682
0.08833333333333335,0.08217180062069618,0.6682989272143112,0.24952927216499265
0.08883838383838386,0.07488242484987832,0.6936680105288758,0.23144956462124588
0.08934343434343435,0.06833599987118676,0.7166795882464685,0.21498441188234474
0.08984848484848486,0.06249434228742917,0.7374967219024225,0.20000893581014834
0.09035353535353535,0.057306658584529165,0.756301806191203,0.18639153522426777
0.09085858585858586,0.0527176388498354,0.7732757215059272,0.17400663964423746
0.09136363636363637,0.04867263057312012,0.7885902005471508,0.1627371688797291
0.09186868686868688,0.0451189586098516,0.8024091090776702,0.15247193231247824
0.09237373737373739,0.042005733736171516,0.8148884215185882,0.14310584474524024
0.0928787878787879,0.03928503978733519,0.8261694099876888,0.13454555022497594
0.0933838383838384,0.03691428291489955,0.8363703312961531,0.12671538578894737
0.0938888888888889,0.03485700643556717,0.8455861424876407,0.11955685107679204
0.0943939393939394,0.03308111038025567,0.8538977671662541,0.11302112245349027
0.0948989898989899,0.03155685539527228,0.8613810777253122,0.10706206687941544
0.09540404040404041,0.03025728700166453,0.8681051732211791,0.1016375397771564
0.09590909090909092,0.029160204927424948,0.8741220243247244,0.0967177707478506
0.09641414141414142,0.02824841371776365,0.879461137199671,0.09229044908256534
0.09691919191919193,0.027507295353934032,0.8841386108219537,0.0883540938241123
0.09742424242424244,0.02692268329428197,0.8881727540236828,0.08490456268203528
0.09792929292929294,0.026481880130331318,0.891588298499669,0.0819298213699996
0.09843434343434344,0.02617626390386341,0.8944026446589771,0.07942109143715947
0.09893939393939395,0.026001394636651874,0.896609813006891,0.07738879235645713
0.09944444444444445,0.025953858825327296,0.898183963235256,0.07586217793941674
0.09994949494949495,0.026028977828376824,0.8991029930835819,0.07486802908804124
0.10045454545454546,0.026222795454137103,0.8993659430373304,0.0744112615085325
0.10095959595959597,0.0265357553060049,0.8989799210487583,0.07448432364523672
0.10146464646464648,0.026972488026348742,0.8979272133229186,0.07510029865073264
0.10196969696969699,0.02753715677987813,0.8961526614006401,0.07631018181948179
0.10247474747474748,0.028230560797116742,0.8935944871877672,0.07817495201511604
0.10297979797979799,0.029053721091353065,0.8902290874342972,0.08071719147434975
0.10348484848484849,0.03001365642185445,0.8860732131256921,0.08391313045245341
0.103989898989899,0.03112266702989481,0.8811291124069203,0.08774822056318488
0.1044949494949495,0.03239031133561227,0.8753320674281739,0.09227762123621375
0.10500000000000001,0.03381830458569211,0.8685739172738937,0.09760777814041421
