Iteration,2
Best Global Loss,0.4438644160322701
f* (where L is max),0.07166666666666667
Lmax,0.9291521496363292
Peak Theta (deg),89.0
Angle Error (deg),1.0000000000000013
SLL (dB),-6.268271874185478

Best Genome
3,0,2,0,2,2,2,2,3,2,1,1,2,0,2,2,0,1,1,1

Frequency,T,R,L
0.055,0.2411733276612178,0.11284805928183332,0.6459786130569489
0.05550505050505051,0.23983141332194374,0.11817437101993973,0.6419942156581165
0.05601010101010101,0.23721282043933511,0.12543052998423493,0.63735664957643
0.05651515151515152,0.2341357040432162,0.12586712402377428,0.6399971719330095
0.05702020202020202,0.23144798658961727,0.12483107527475774,0.6437209381356249
0.05752525252525253,0.22809268155977472,0.12717162531019086,0.6447356931300344
0.05803030303030303,0.2234135642088173,0.12805934497875743,0.6485270908124252
0.05853535353535354,0.2178958940633599,0.12418152299324751,0.6579225829433926
0.05904040404040404,0.21138911885741352,0.11885734542801056,0.669753535714576
0.05954545454545455,0.2030462007969298,0.11371268494620937,0.6832411142568608
0.06005050505050505,0.1926516398995037,0.10612483275214322,0.701223527348353
0.06055555555555556,0.180440969712537,0.09553445091936683,0.7240245793680962
0.061060606060606065,0.16630118484634526,0.08466317494332502,0.7490356402103298
0.06156565656565657,0.15021311508519483,0.0749124882186347,0.7748743966961704
0.062070707070707075,0.13284295873538635,0.06603479955401961,0.8011222417105941
0.06257575757575758,0.11511728453220842,0.059322448961134824,0.8255602665066568
0.06308080808080808,0.09779765351965398,0.05696268684093369,0.8452396596394124
0.06358585858585859,0.08168545024607858,0.05927030581249194,0.8590442439414295
0.06409090909090909,0.06761268751253778,0.06531929893825408,0.8670680135492081
0.0645959595959596,0.05603149721930862,0.074837271626275,0.8691312311544164
0.0651010101010101,0.046959336972008214,0.08732385194355373,0.865716811084438
0.06560606060606061,0.04026938986906522,0.10085640256081418,0.8588742075701206
0.06611111111111112,0.03573670407876816,0.1135005907608266,0.8507627051604052
0.06661616161616161,0.03295604133629432,0.12453135997750632,0.8425125986861993
0.06712121212121212,0.03149909205850422,0.13319685811459625,0.8353040498268995
0.06762626262626263,0.03106791440838622,0.13788869962159095,0.8310433859700228
0.06813131313131314,0.03140519612082933,0.13746406888940266,0.831130734989768
0.06863636363636363,0.03224302542473235,0.13190038889852382,0.8358565856767438
0.06914141414141414,0.0334146939504521,0.1210426747681901,0.8455426312813579
0.06964646464646465,0.03484953123692928,0.10431384653844564,0.8608366222246251
0.07015151515151516,0.03643174097143702,0.08238721569520524,0.8811810433333578
0.07065656565656567,0.03799142579900595,0.05829405559173898,0.9037145186092551
0.07116161616161616,0.039359528904655355,0.037719345456563864,0.9229211256387808
0.07166666666666667,0.04024423164511117,0.030603618718559693,0.9291521496363292
0.07217171717171718,0.040130611457377875,0.05146604364021157,0.9084033449024106
0.07267676767676767,0.03855677606880036,0.11258675703200734,0.8488564668991923
0.07318181818181818,0.03555867961632211,0.2125171570108741,0.7519241633728038
0.07368686868686869,0.03174551185307925,0.3323314089373662,0.6359230792095545
0.0741919191919192,0.02791768274995787,0.4463195730322834,0.5257627442177587
0.0746969696969697,0.02463972723052744,0.5373687743798456,0.4379914983896269
0.07520202020202021,0.022094401689377898,0.6024422136980082,0.37546338461261386
0.07570707070707071,0.020191826039330833,0.6464716575872328,0.3333365163734364
0.07621212121212122,0.018754369289628155,0.6749385527073892,0.3063070780029826
0.07671717171717173,0.017638817250346994,0.6920185151803541,0.29034266756929894
0.07722222222222222,0.016753439387722502,0.7015057524430031,0.2817408081692745
0.07772727272727273,0.016027226365625747,0.7063834290979766,0.2775893445363977
0.07823232323232324,0.015405354647262401,0.7079978357333395,0.27659680961939803
0.07873737373737374,0.014862845107497625,0.7068659372760563,0.27827121761644613
0.07924242424242425,0.014392474388906343,0.7038043818286256,0.28180314378246807
0.07974747474747476,0.01398322249450042,0.6995994625873118,0.2864173149181878
0.08025252525252526,0.013625603594428536,0.6943155477819604,0.2920588486236111
0.08075757575757576,0.013323611064244982,0.6877631970071771,0.2989131919285779
0.08126262626262627,0.013084165354186262,0.6801964304844637,0.30671940416135013
0.08176767676767677,0.012906489960345078,0.6719490412680329,0.31514446877162205
0.08227272727272728,0.012792364183587585,0.662868619426373,0.3243390163900395
0.08277777777777778,0.012752684296530313,0.652693023400025,0.3345542923034447
0.08328282828282829,0.012796356378307035,0.6415697320527666,0.3456339115689264
0.0837878787878788,0.012926832877754158,0.6296957896571526,0.35737737746509324
0.0842929292929293,0.013153699465674438,0.6168523435748126,0.369993956959513
0.0847979797979798,0.013493977303423055,0.6027661622632539,0.3837398604333231
0.08530303030303031,0.013961694123407675,0.5875351676105421,0.3985031382660502
0.08580808080808082,0.014570532201980606,0.5712581640307229,0.4141713037672965
0.08631313131313131,0.015345587845511746,0.5536373479663936,0.4310170641880946
0.08681818181818182,0.016320516437845548,0.5343579119934885,0.4493215715686659
0.08732323232323233,0.01752944974507464,0.5134601815902486,0.4690103686646767
0.08782828282828284,0.019016278465631316,0.4909468720293,0.49003684950506865
0.08833333333333335,0.02084656350609626,0.4664416912208759,0.5127117452730279
0.08883838383838386,0.023100993120391888,0.43962422906349974,0.5372747778161083
0.08934343434343435,0.025870746296170366,0.4105914175113541,0.5635378361924755
0.08984848484848486,0.02927279939074755,0.3794623226126838,0.5912648779965686
0.09035353535353535,0.03345561670034802,0.34613901951210757,0.6204053637875444
0.09085858585858586,0.038576119583519246,0.31088274020519396,0.6505411402112868
0.09136363636363637,0.04478000412648284,0.2747246370824691,0.680495358791048
0.09186868686868688,0.05219266125861092,0.2390637749896664,0.7087435637517228
0.09237373737373739,0.060872299355120216,0.20544177428851515,0.7336859263563646
0.0928787878787879,0.07072859248769056,0.17595417525003007,0.7533172322622793
0.0933838383838384,0.0814915176554434,0.15305093981430712,0.7654575425302494
0.0938888888888889,0.09275971270066842,0.13828957566659886,0.7689507116327328
0.0943939393939394,0.10407152285012496,0.13158750324736068,0.7643409739025143
0.0948989898989899,0.11499737674602505,0.13166956510113445,0.7533330581528405
0.09540404040404041,0.12528879249668198,0.13640341446893908,0.7383077930343789
0.09590909090909092,0.1349806764111654,0.14271097677278885,0.7223083468160457
0.09641414141414142,0.14431162274868728,0.14744098750120546,0.7082473897501073
0.09691919191919193,0.1535718940871854,0.1488116875529361,0.6976164183598785
0.09742424242424244,0.16307158843623568,0.14629824414724132,0.6906301674165229
0.09792929292929294,0.17312479624116675,0.139580464436711,0.6872947393221223
0.09843434343434344,0.1838590836045175,0.12918925105896342,0.6869516653365191
0.09893939393939395,0.19501877143077107,0.11789332513223384,0.6870879034369951
0.09944444444444445,0.20596841118906123,0.10989725748126643,0.6841343313296724
0.09994949494949495,0.2156357719722084,0.10966024492950524,0.6747039830982864
0.10045454545454546,0.2222243059596604,0.12332810467143461,0.654447589368905
0.10095959595959597,0.22329804389405714,0.1586807163382315,0.6180212397677114
0.10146464646464648,0.21676058411562954,0.21943766271656703,0.5638017531678035
0.10196969696969699,0.20205023627003324,0.3010307356698335,0.4969190280601332
0.10247474747474748,0.18050485686137577,0.3947759327463408,0.42471921039228344
0.10297979797979799,0.15489218451613784,0.49186981741941205,0.3532379980644501
0.10348484848484849,0.12861979717746214,0.5802537014887859,0.29112650133375206
0.103989898989899,0.10464359491096205,0.647377929727622,0.24797847536141593
0.1044949494949495,0.08439504740168075,0.6935791324715513,0.22202582012676786
0.10500000000000001,0.06782820101185484,0.7305380508098925,0.20163374817825264

Far Field Data @ f*
Angle (rad),Magnitude
0.0,0.016727757866870512
0.017453292519943295,0.017045873080330242
0.03490658503988659,0.01782571862012983
0.05235987755982989,0.019021106679699206
0.06981317007977318,0.02056167553890257
0.08726646259971647,0.02237063021348792
0.10471975511965978,0.0243762025736243
0.12217304763960307,0.026516313041081596
0.13962634015954636,0.028739024280715883
0.15707963267948966,0.031001218696628943
0.17453292519943295,0.033266879815621854
0.19198621771937624,0.03550555241035113
0.20943951023931956,0.037691139915161494
0.22689280275926285,0.03980102881045424
0.24434609527920614,0.041815478787087544
0.2617993877991494,0.04371721324459862
0.2792526803190927,0.04549115501422364
0.29670597283903605,0.04712426474299546
0.3141592653589793,0.048605450154130626
0.33161255787892263,0.049925522648377
0.3490658503988659,0.051077183719884886
0.3665191429188092,0.052055027951202
0.3839724354387525,0.05285555240939031
0.4014257279586958,0.053477164467478924
0.4188790204786391,0.053920181697888446
0.4363323129985824,0.05418681871972976
0.4537856055185257,0.05428115686243273
0.47123889803846897,0.05420909332353495
0.4886921905584123,0.053978267210305124
0.5061454830783556,0.05359796050760979
0.5235987755982988,0.05307897264511606
0.5410520681182421,0.05243346798365066
0.5585053606381855,0.05167479625047802
0.5759586531581288,0.05081728679007195
0.5934119456780721,0.049876018546186104
0.6108652381980153,0.04886656906200588
0.6283185307179586,0.04780474760550256
0.6457718232379019,0.04670631992658404
0.6632251157578453,0.04558673523161006
0.6806784082777885,0.04446086974223227
0.6981317007977318,0.043342805571779615
0.7155849933176751,0.042245668278079206
0.7330382858376184,0.04118155074693685
0.7504915783575618,0.04016155414654589
0.767944870877505,0.03919597741718742
0.7853981633974483,0.03829468374151129
0.8028514559173916,0.037467664102963136
0.8203047484373349,0.03672580259198308
0.8377580409572782,0.03608182350001669
0.8552113334772214,0.035551364244874595
0.8726646259971648,0.03515406929120796
0.8901179185171081,0.03491454006309408
0.9075712110370514,0.034862913703946105
0.9250245035569946,0.03503480228139284
0.9424777960769379,0.03547034215131184
0.9599310885968813,0.03621222348575927
0.9773843811168246,0.03730280722230956
0.9948376736367679,0.03878073613932033
1.0122909661567112,0.040677675658216256
1.0297442586766545,0.04301583430715656
1.0471975511965976,0.04580667258767223
1.064650843716541,0.0490508283718966
1.0821041362364843,0.052738961362045034
1.0995574287564276,0.056853079951007336
1.117010721276371,0.0613679606226886
1.1344640137963142,0.06625241448744314
1.1519173063162575,0.07147030480467795
1.1693705988362009,0.07698132339782714
1.1868238913561442,0.08274158519251879
1.2042771838760873,0.08870411274355822
1.2217304763960306,0.09481927422530038
1.239183768915974,0.10103522206154329
1.2566370614359172,0.1072983625150883
1.2740903539558606,0.11355387227495532
1.2915436464758039,0.1197462671367195
1.3089969389957472,0.12582001998289294
1.3264502315156905,0.13172021982571588
1.3439035240356338,0.13739326006947614
1.361356816555577,0.14278754189680537
1.3788101090755203,0.14785417742812726
1.3962634015954636,0.15254767679914083
1.413716694115407,0.1568266033805791
1.4311699866353502,0.16065418191273417
1.4486232791552935,0.1639988452629151
1.4660765716752369,0.16683470677486428
1.4835298641951802,0.16914194671380772
1.5009831567151235,0.170907103073274
1.5184364492350666,0.17212325895638447
1.53588974175501,0.17279012083265544
1.5533430342749532,0.1729139841597958
1.5707963267948966,0.17250758510835293
1.5882496193148399,0.17158983939750788
1.6057029118347832,0.17018547150868626
1.6231562043547265,0.1683245397609604
1.6406094968746698,0.16604186488614228
1.6580627893946132,0.1633763718172725
1.6755160819145565,0.16037035639509561
1.6929693744344996,0.15706869060275416
1.710422666954443,0.15351798176192083
1.7278759594743862,0.14976570286262475
1.7453292519943295,0.14585931283843598
1.7627825445142729,0.14184538709405048
1.7802358370342162,0.13776877985422736
1.7976891295541595,0.13367184078135402
1.8151424220741028,0.1295937085844879
1.8325957145940461,0.12556970373369186
1.8500490071139892,0.12163084058507055
1.8675022996339325,0.11780347592483997
1.8849555921538759,0.11410910597686277
1.9024088846738192,0.11056431731811232
1.9198621771937625,0.10718088923430302
1.9373154697137058,0.1039660364747637
1.9547687622336491,0.1009227730639387
1.9722220547535925,0.09805037087159166
1.9896753472735358,0.0953448820405509
2.007128639793479,0.0927996928241771
2.0245819323134224,0.09040607811616776
2.0420352248333655,0.08815373062522695
2.059488517353309,0.08603124542457846
2.076941809873252,0.08402654834595573
2.0943951023931953,0.08212726417695583
2.111848394913139,0.08032102681961287
2.129301687433082,0.07859573778515601
2.1467549799530254,0.07693978137114235
2.1642082724729685,0.07534220473758056
2.181661564992912,0.07379286932973686
2.199114857512855,0.07228257733158512
2.2165681500327987,0.07080317376545324
2.234021442552742,0.06934762209988597
2.251474735072685,0.06791004925997063
2.2689280275926285,0.06648575503859859
2.2863813201125716,0.0650711811846219
2.303834612632515,0.06366383683685763
2.321287905152458,0.06226217930190765
2.3387411976724017,0.06086545217652956
2.356194490192345,0.05947348617842111
2.3736477827122884,0.05808647143218355
2.3911010752322315,0.05670471300886645
2.4085543677521746,0.055328383893775826
2.426007660272118,0.053957290943620444
2.443460952792061,0.05259066953868885
2.4609142453120048,0.05122702139051125
2.478367537831948,0.049864007328507896
2.4958208303518914,0.04849840303469385
2.5132741228718345,0.0471261209768732
2.530727415391778,0.0457422967070121
2.548180707911721,0.04434143281707086
2.5656340004316642,0.042917589736179686
2.5830872929516078,0.041464609654544286
2.600540585471551,0.039976358431047736
2.6179938779914944,0.03844697043044666
2.6354471705114375,0.036871082695211395
2.652900463031381,0.03524404740291574
2.670353755551324,0.03356211485467238
2.6878070480712677,0.03182258297945697
2.705260340591211,0.030023913340573825
2.722713633111154,0.028165817925388085
2.7401669256310974,0.026249325965466586
2.7576202181510405,0.024276846650082354
2.775073510670984,0.0222522540118579
2.792526803190927,0.02018103917195283
2.8099800957108707,0.01807061323578273
2.827433388230814,0.01593092743578125
2.8448866807507573,0.013775773612240727
2.8623399732707004,0.01162563004918598
2.8797932657906435,0.009514311144476758
2.897246558310587,0.00750581748469007
2.91469985083053,0.005739499382126993
2.9321531433504737,0.004532752018341622
2.949606435870417,0.004384597666053442
2.9670597283903604,0.005377626559608313
2.9845130209103035,0.007031094071342569
3.001966313430247,0.008969795470029629
3.01941960595019,0.011024569864023979
3.036872898470133,0.013120017261226398
3.0543261909900767,0.015217815812577765
3.07177948351002,0.017295449787536176
3.0892327760299634,0.01933789448769859
3.1066860685499065,0.021334047327161258
3.12413936106985,0.023275048796992714
3.141592653589793,0.025153426526004045
3.1590459461097367,0.026962628374259123
3.1764992386296798,0.02869675354654795
3.193952531149623,0.030350391859708562
3.2114058236695664,0.03191852648464135
3.2288591161895095,0.03339647694389844
3.246312408709453,0.03477986988242739
3.263765701229396,0.03606463074278596
3.2812189937493397,0.03724699252213266
3.2986722862692828,0.038323519492786604
3.3161255787892263,0.03929114474607278
3.3335788713091694,0.04014722098988034
3.351032163829113,0.04088958436411002
3.368485456349056,0.041516631225707125
3.385938748868999,0.042027407942221824
3.4033920413889427,0.042421713737715
3.420845333908886,0.04270021655450144
3.4382986264288293,0.04286458170704107
3.4557519189487724,0.04291761276761951
3.473205211468716,0.04286340356861505
3.490658503988659,0.04270749933117833
3.5081117965086026,0.04245706359189975
3.5255650890285457,0.042121045607864574
3.543018381548489,0.04171034004511506
3.5604716740684323,0.04123792674987475
3.5779249665883754,0.04071897307696907
3.595378259108319,0.04017087461804383
3.612831551628262,0.0396132026959561
3.6302848441482056,0.03906751994151715
3.6477381366681487,0.03855702111869113
3.6651914291880923,0.03810595899954745
3.6826447217080354,0.037738829384377046
3.7000980142279785,0.03747931956855598
3.717551306747922,0.037349071260391345
3.735004599267865,0.03736636542218618
3.7524578917878086,0.03754488693812425
3.7699111843077517,0.03789274995911537
3.7873644768276953,0.03841194282768843
3.8048177693476384,0.0390982829233392
3.822271061867582,0.03994187556480371
3.839724354387525,0.040927979434537895
3.857177646907468,0.04203812292750297
3.8746309394274117,0.04325130354837986
3.8920842319473548,0.044545128830329864
3.9095375244672983,0.045896803874933965
3.9269908169872414,0.047283918969410095
3.944444109507185,0.04868502901302092
3.961897402027128,0.05008004075777068
3.9793506945470716,0.05145043566743941
3.9968039870670147,0.052779359345023695
4.014257279586958,0.05405160684115294
4.031710572106901,0.055253529621590296
4.049163864626845,0.056372886269276404
4.066617157146788,0.0573986559206091
4.084070449666731,0.0583208311709284
4.101523742186674,0.05913020557948188
4.118977034706618,0.059818169668113846
4.136430327226561,0.060376528130722446
4.153883619746504,0.06079734959443214
4.171336912266447,0.06107285852803194
4.1887902047863905,0.061195376710505324
4.2062434973063345,0.06115731908279746
4.223696789826278,0.060951245924008156
4.241150082346221,0.06056997029346956
4.258603374866164,0.060006716767741046
4.276056667386108,0.05925532488257733
4.293509959906051,0.058310488545801745
4.310963252425994,0.05716802115671164
4.328416544945937,0.055825135340224104
4.34586983746588,0.054280726122364245
4.363323129985824,0.052535647048587396
4.380776422505767,0.05059297018129095
4.39822971502571,0.048458223140106
4.4156830075456535,0.04613959948268101
4.4331363000655974,0.043648143045684484
4.4505895925855405,0.04099791296785906
4.468042885105484,0.03820614517167824
4.485496177625427,0.035293440365865375
4.50294947014537,0.032284032596768125
4.520402762665314,0.029206234846639062
4.537856055185257,0.02609323694858686
4.5553093477052,0.022984582254284847
4.572762640225143,0.01992894401404449
4.590215932745087,0.016989380171674805
4.60766922526503,0.01425313966449122
4.625122517784973,0.011848498489751096
4.642575810304916,0.009965074589700763
4.6600291028248595,0.008842266748048654
4.6774823953448035,0.008644902591674487
4.694935687864747,0.009282855673745975
4.71238898038469,0.010458373494005024
4.729842272904633,0.011876039124388206
4.747295565424577,0.013334541824725089
4.76474885794452,0.01471242239181787
4.782202150464463,0.015937680828955015
4.799655442984406,0.016967620924905103
4.817108735504349,0.01777790167782516
4.834562028024293,0.01835683990053521
4.852015320544236,0.01870245405662343
4.869468613064179,0.018820946103567018
4.886921905584122,0.01872597334985539
4.904375198104066,0.018438387246329065
4.9218284906240095,0.017986267678795024
4.939281783143953,0.017405131129707763
4.956735075663896,0.01673815608048418
4.974188368183839,0.016036133779207363
4.991641660703783,0.015356597904113143
5.009094953223726,0.014761264702278976
5.026548245743669,0.014310796014632914
5.044001538263612,0.014056557987088512
5.061454830783556,0.014030935902042617
5.078908123303499,0.014240008178215172
5.096361415823442,0.014662496728750848
5.113814708343385,0.015255656661773625
5.1312680008633285,0.015964863643008666
5.1487212933832724,0.01673268825137798
5.1661745859032155,0.017505129984149156
5.183627878423159,0.01823488026566765
5.201081170943102,0.018882518522009163
5.218534463463046,0.019416595974814075
5.235987755982989,0.019813253683422332
5.253441048502932,0.020055723336974387
5.270894341022875,0.020133870449190076
5.288347633542818,0.020043844555264742
5.305800926062762,0.01978786364144641
5.323254218582705,0.019374153015891994
5.340707511102648,0.018817065589473204
5.358160803622591,0.018137419883505125
5.375614096142535,0.017363090994157285
5.3930673886624785,0.01652985378884257
5.410520681182422,0.015682357950109103
5.427973973702365,0.014874829247596734
5.445427266222308,0.014170562023934012
5.462880558742252,0.013638603199950758
5.480333851262195,0.013345920125849137
5.497787143782138,0.013345155317339222
5.515240436302081,0.01366214374603196
5.532693728822025,0.014290185017557792
5.550147021341968,0.015194762179317913
5.567600313861911,0.016325177285747408
5.585053606381854,0.017626303032407815
5.602506898901797,0.019046317027332126
5.619960191421741,0.020540152379586795
5.6374134839416845,0.022070160558588653
5.654866776461628,0.023605455229122968
5.672320068981571,0.02512083317034023
5.689773361501515,0.02659569091622149
5.707226654021458,0.028013087030649777
5.724679946541401,0.029358978369300997
5.742133239061344,0.030621614038484613
5.759586531581287,0.03179105989884441
5.777039824101231,0.032858828119750154
5.794493116621174,0.03381759131994942
5.811946409141117,0.03466096579775709
5.82939970166106,0.03538335225831135
5.846852994181004,0.03597982521945619
5.8643062867009474,0.03644606415559915
5.8817595792208905,0.03677832070814866
5.899212871740834,0.03697341720771342
5.916666164260777,0.03702877252086761
5.934119456780721,0.0369424520094029
5.951572749300664,0.036713239294911375
5.969026041820607,0.03634072866218492
5.98647933434055,0.03582543842006998
6.003932626860494,0.035168947502546566
6.021385919380437,0.034374060222984885
6.03883921190038,0.03344500766285597
6.056292504420323,0.032387699076577396
6.073745796940266,0.03121004347402535
6.09119908946021,0.029922370894864252
6.1086523819801535,0.02853799550849227
6.126105674500097,0.0270739787095413
6.14355896702004,0.02555216783920061
6.161012259539984,0.02400059677426421
6.178465552059927,0.022455314196478518
6.19591884457987,0.020962594528448467
6.213372137099813,0.019581163725347878
6.230825429619756,0.018383357930060636
6.2482787221397,0.017452978774465572
6.265732014659643,0.016876732358574526
