Parameter,Value
Length (mm),3.9
Generation,1
Best Fitness,0.4917655016446808
Genome,"[2, 2, 2, 2, 2, 0, 1, 1, 1, 1, 1, 1, 3]"
Source TM CSV,/mnt/c/Users/Traveler/PycharmProjects/GA_based_Geometry_Optimization_for_Surface_Wave_Reflection/GA_SW_suppression_TM/3_9mm/optimization_results_3_9mm/best_gen_1.csv
Source TM Generation,1
Source TM Fitness,0.6909301669408585
Source TM MTime,1773271756.166986

Frequency,T,R,L
0.055,0.5003660410243943,0.05513932572919446,0.44449463324641125
0.05550505050505051,0.3962066233304304,0.04820997504435134,0.5555834016252182
0.05601010101010101,0.33552044196936653,0.04793100615026197,0.6165485518803715
0.05651515151515152,0.35638563304998055,0.055570677562200764,0.5880436893878186
0.05702020202020202,0.38050284732839457,0.06235185019659082,0.5571453024750146
0.05752525252525253,0.3591606566133659,0.06413184461567523,0.576707498770959
0.05803030303030303,0.320479092165729,0.06479391412603344,0.6147269937082376
0.05853535353535354,0.30236107800657547,0.06843859625392773,0.6292003257394967
0.05904040404040404,0.30188094314811326,0.0742081366255976,0.6239109202262891
0.05954545454545455,0.29593490469155553,0.07912614551269087,0.6249389497957536
0.06005050505050505,0.2779468307908013,0.08251872200556809,0.6395344472036306
0.06055555555555556,0.2592113460414532,0.08603599034828456,0.6547526636102623
0.061060606060606065,0.24789481083715426,0.09082842506904283,0.6612767640938029
0.06156565656565657,0.24036506705567368,0.0963143612552822,0.6633205716890442
0.062070707070707075,0.23034878022948943,0.10147032590061689,0.6681808938698937
0.06257575757575758,0.21766327005221323,0.10621754728391358,0.6761191826638733
0.06308080808080808,0.20613186012184137,0.11120792554993633,0.6826602143282223
0.06358585858585859,0.19742948307684088,0.11680131534257684,0.6857692015805823
0.06409090909090909,0.18985202539846066,0.12271972624043134,0.6874282483611079
0.0645959595959596,0.18163593174114148,0.1285735712897479,0.6897904969691107
0.0651010101010101,0.173142749432466,0.13436378797695897,0.692493462590575
0.06560606060606061,0.1656839625835634,0.14037311223650306,0.6939429251799335
0.06611111111111112,0.15958826000920234,0.1467549702786498,0.6936567697121478
0.06661616161616161,0.15410809951751814,0.15339122386479415,0.6925006766176878
0.06712121212121212,0.14867194983008764,0.16011297009831357,0.6912150800715987
0.06762626262626263,0.14353399444039522,0.1669286927387084,0.6895373128208964
0.06813131313131314,0.13921580459734245,0.1739884949217135,0.6867957004809441
0.06863636363636363,0.1357776337529276,0.18138922663995122,0.6828331396071212
0.06914141414141414,0.13286352438599244,0.1890872479208109,0.6780492276931966
0.06964646464646465,0.1302633204391416,0.19700077414168807,0.6727359054191704
0.07015151515151516,0.12816820611947385,0.20514388928319485,0.6666879045973313
0.07065656565656567,0.1268720370636636,0.21362669172000964,0.6595012712163268
0.07116161616161616,0.12641320403137812,0.22254387862514222,0.6510429173434796
0.07166666666666667,0.12662620923480478,0.23190530710482907,0.6414684836603662
0.07217171717171718,0.1274702993327676,0.24169290413562783,0.6308367965316045
0.07267676767676767,0.12916877707893543,0.25196696131344326,0.6188642616076214
0.07318181818181818,0.1319939488745048,0.2628923519701984,0.6051136991552968
0.07368686868686869,0.13600361300040592,0.2746650996191504,0.5893312873804437
0.0741919191919192,0.14105914221740104,0.2874498324757927,0.5714910253068063
0.0746969696969697,0.14702930954978324,0.3014260886645391,0.5515446017856777
0.07520202020202021,0.1537736603379049,0.3168912510987898,0.5293350885633052
0.07570707070707071,0.16072792433969393,0.3342501234952652,0.5050219521650409
0.07621212121212122,0.16645527074907898,0.3537864204015518,0.47975830884936926
0.07671717171717173,0.16875927513570044,0.3753236133789335,0.45591711148536607
0.07722222222222222,0.16555525961893325,0.39804262870644136,0.4364021116746254
0.07772727272727273,0.15600658212852997,0.4206615398607115,0.4233318780107586
0.07823232323232324,0.14111266063799802,0.44192596505045445,0.41696137431154756
0.07873737373737374,0.12330445270336637,0.46111809599602094,0.41557745130061263
0.07924242424242425,0.10533542566176847,0.4782707612432043,0.41639381309502727
0.07974747474747476,0.08921727513941279,0.4939870615742802,0.416795663286307
0.08025252525252526,0.07579480375816881,0.5090357954051926,0.41516940083663856
0.08075757575757576,0.06500020476187203,0.5240054528339627,0.4109943424041652
0.08126262626262627,0.0563828342585342,0.5391912321952285,0.40442593354623735
0.08176767676767677,0.04948959994766848,0.5546826215472715,0.39582777850506
0.08227272727272728,0.043963540783031156,0.5704946934872397,0.3855417657297292
0.08277777777777778,0.039496514249401114,0.5866220983507314,0.3738813873998674
0.08328282828282829,0.03580552631792184,0.6030166130259463,0.3611778606561318
0.0837878787878788,0.03266834766095711,0.6195653142042213,0.3477663381348216
0.0842929292929293,0.029950164351180555,0.6361190251174067,0.3339308105314127
0.0847979797979798,0.02757551433133559,0.6525452526170078,0.31987923305165666
0.08530303030303031,0.02547831810028931,0.6687488201633796,0.3057728617363311
0.08580808080808082,0.023585456841096763,0.6846446296487303,0.2917699135101729
0.08631313131313131,0.02183929378795714,0.7001238218989417,0.27803688431310114
0.08681818181818182,0.02021684671244665,0.7150588749231847,0.26472427836436874
0.08732323232323233,0.018716205949447586,0.7293431889850504,0.2519406050655021
0.08782828282828284,0.01732823579332656,0.7429183574704235,0.23975340673625
0.08833333333333335,0.016029091494867094,0.7557578410336071,0.2282130674715258
0.08883838383838386,0.014798818374542529,0.7678291739379861,0.21737200768747134
0.08934343434343435,0.013637630039023272,0.7790830535253263,0.20727931643565045
0.08984848484848486,0.012557593791085963,0.7894844950436454,0.19795791116526862
0.09035353535353535,0.011561488637233358,0.7990482798492403,0.1893902315135263
0.09085858585858586,0.010636536028399675,0.8078330095926762,0.18153045437892412
0.09136363636363637,0.009769766139063486,0.815897081532318,0.17433315232861857
0.09186868686868688,0.008963539839658417,0.8232679302952318,0.16776852986510982
0.09237373737373739,0.008230710962799375,0.8299627069072153,0.16180658212998533
0.0928787878787879,0.007576087453144612,0.8360359176570408,0.15638799488981459
0.0933838383838384,0.006988364500547873,0.8415921210260758,0.15141951447337632
0.0938888888888889,0.00645282787132432,0.8467396901542447,0.14680748197443105
0.0943939393939394,0.005968465160268889,0.851535179291585,0.1424963555481461
0.0948989898989899,0.005547474287451267,0.8559872954967312,0.13846523021581747
0.09540404040404041,0.005197273736478568,0.8601222853984323,0.13468044086508912
0.09590909090909092,0.004907420216541854,0.8640324047861629,0.13106017499729516
0.09641414141414142,0.004658694337917556,0.8678379838882636,0.12750332177381885
0.09691919191919193,0.004444574983736264,0.8715955912654506,0.1239598337508131
0.09742424242424244,0.004278649255981329,0.8752637757148816,0.12045757502913712
0.09792929292929294,0.004176515760638567,0.8787849888490593,0.11703849539030209
0.09843434343434344,0.004132014854535961,0.8821992059615335,0.11366877918393059
0.09893939393939395,0.004118326840181552,0.8856416021627167,0.11024007099710176
0.09944444444444445,0.004117814121743214,0.8891975020535894,0.10668468382466745
0.09994949494949495,0.004147067659854448,0.8927767550964653,0.10307617724368034
0.10045454545454546,0.0042414296511656124,0.8961886286120461,0.09956994173678835
0.10095959595959597,0.004408620821915662,0.8993733244000861,0.09621805477799827
0.10146464646464648,0.004607283256963274,0.9025141018004071,0.09287861494262961
0.10196969696969699,0.0047901396886831,0.9058333084850738,0.08937655182624304
0.10247474747474748,0.0049730624644288395,0.909256660917272,0.08577027661829917
0.10297979797979799,0.005238141204325711,0.9123812995548481,0.0823805592408261
0.10348484848484849,0.005638351770371127,0.9149056530459159,0.07945599518371305
0.103989898989899,0.006105247918316239,0.9170742384269942,0.07682051365468956
0.1044949494949495,0.006503441102780097,0.9194966432795315,0.07399991561768837
0.10500000000000001,0.00681863381948186,0.9223542949149185,0.07082707126559962
