Parameter,Value
Generation,1
Best Loss,0.13693548538380376
Genome,"[0, 2, 2, 2, 2, 1, 1, 0, 2, 2, 0, 3, 2, 3, 2, 2, 0, 3, 3, 2]"

Frequency,T,R,L
0.07500000000000001,0.006598315342445446,0.3667896178718763,0.6266120667856783
0.07550505050505052,0.007141321216587334,0.38952584067584267,0.60333283810757
0.07601010101010103,0.005967313093497469,0.36155321362506154,0.6324794732814409
0.07651515151515152,0.005521755663790673,0.38095930710179327,0.6135189372344161
0.07702020202020203,0.005376457225712838,0.37556348135711803,0.6190600614171692
0.07752525252525254,0.004663257607227275,0.3839235537187881,0.6114131886739846
0.07803030303030305,0.004806947734057983,0.3984082458560669,0.5967848064098751
0.07853535353535354,0.004242647594233489,0.40292614474775645,0.59283120765801
0.07904040404040405,0.0043059887541036165,0.4250933851287461,0.5706006261171503
0.07954545454545456,0.004007924651394925,0.43473997020666844,0.5612521051419367
0.08005050505050507,0.003910018440958742,0.4554657145489651,0.5406242670100762
0.08055555555555556,0.0038151753298277494,0.47334844524894937,0.5228363794212229
0.08106060606060607,0.003619523086129433,0.49061275076990823,0.5057677261439624
0.08156565656565658,0.0036064876800987,0.5136576293957739,0.4827358829241274
0.08207070707070709,0.003404300404832386,0.5301424731898617,0.46645322640530584
0.08257575757575758,0.0033772705427385632,0.5532158117652595,0.443406917692002
0.08308080808080809,0.0032235178109515307,0.5716924988186874,0.425083983370361
0.0835858585858586,0.0031435922217862883,0.5917100318806807,0.405146375897533
0.0840909090909091,0.003043743851107603,0.612223201846816,0.3847330543020764
0.0845959595959596,0.0029200082653083833,0.6293305839128897,0.367749407821802
0.08510101010101011,0.0028485244037273353,0.6495907645341288,0.3475607110621439
0.08560606060606062,0.002710788122306211,0.6655356594263653,0.33175355245132854
0.08611111111111112,0.002637511502337965,0.6831482951878275,0.3142141933098346
0.08661616161616162,0.002511339065377839,0.6989966588040563,0.2984920021305659
0.08712121212121213,0.0024195652605541675,0.7132116629774938,0.28436877176195197
0.08762626262626264,0.0023144742396373204,0.7283938558956761,0.26929166986468667
0.08813131313131314,0.002205000138213805,0.7401196867964208,0.2576753130653654
0.08863636363636365,0.0021159244552912734,0.7531869718866024,0.24469710365810626
0.08914141414141415,0.0020006182279677953,0.76371409342423,0.23428528834780216
0.08964646464646465,0.0019165942312996127,0.7737428776536203,0.2243405281150801
0.09015151515151516,0.0018086664717390903,0.7835178943328674,0.2146734391953935
0.09065656565656566,0.0017215609976815184,0.790849010600072,0.20742942840224654
0.09116161616161617,0.0016284886213384921,0.799278705196847,0.19909280618181457
0.09166666666666667,0.0015373735461095294,0.8050982722495957,0.19336435420429476
0.09217171717171718,0.0014591776137493333,0.8113278598855279,0.18721296250072272
0.09267676767676769,0.0013695658847079249,0.8166106937071883,0.18201974040810376
0.09318181818181819,0.0013015111608090438,0.8204448673271385,0.17825362151205248
0.0936868686868687,0.0012215611669750288,0.8251857607051786,0.1735926781278464
0.0941919191919192,0.0011588634486461448,0.8273244315873557,0.17151670496399818
0.0946969696969697,0.0010954737883618467,0.8305951979801588,0.16830932823147937
0.0952020202020202,0.0010374166634181778,0.8319667735488969,0.1669958097876849
0.09570707070707071,0.0009948142239170285,0.8325657240198174,0.16643946175626556
0.09621212121212122,0.0009476556363275711,0.8331516331498219,0.16590071121385053
0.09671717171717173,0.0009304057504323549,0.829988841154549,0.1690807530950187
0.09722222222222222,0.0009121502255074743,0.8275187071226098,0.17156914265188272
0.09772727272727273,0.0009380095022221061,0.8184828527227791,0.1805791377749988
0.09823232323232324,0.0010002262151848338,0.8064219982798925,0.19257777550492272
0.09873737373737373,0.001141326821732176,0.7860414469603675,0.21281722621790033
0.09924242424242424,0.0013641714437139239,0.770592806052717,0.22804302250356911
0.09974747474747475,0.0012058363779280715,0.8251685735312937,0.17362559009077827
0.10025252525252526,0.0006835259100029774,0.9102398176268328,0.0890766564631642
0.10075757575757577,0.000362269454042136,0.9411074597277334,0.058530270818224484
0.10126262626262628,0.00025612808361342575,0.9446005135659103,0.055143358350476235
0.10176767676767677,0.00019441950390601352,0.9463582525266765,0.053447327969417535
0.10227272727272728,0.00016880777193834797,0.9438372576146582,0.05599393461340341
0.10277777777777779,0.00014209271722774716,0.9448726028386125,0.05498530444415972
0.10328282828282828,0.00012566347632089894,0.9441955691267416,0.055678767396937445
0.10378787878787879,0.00010922592590486044,0.9448275858606165,0.05506318821347855
0.1042929292929293,9.381860175657864e-05,0.9460245590927993,0.05388162230544413
0.1047979797979798,8.312195191445814e-05,0.9461798257596585,0.053737052288426956
0.10530303030303031,6.893249136745968e-05,0.9481836122156541,0.05174745529297853
0.10580808080808081,6.131951200403936e-05,0.9485272441894839,0.05141143629851208
0.10631313131313132,5.003488433755821e-05,0.9501857284233594,0.04976423669230312
0.10681818181818181,4.352752608914524e-05,0.9513400682044464,0.04861640426946445
0.10732323232323232,3.6304316219536426e-05,0.9521609077822295,0.047802787901551014
0.10782828282828283,3.0291354226681714e-05,0.9540595691074074,0.04591013953836587
0.10833333333333334,2.7321560182917632e-05,0.9544593234847103,0.04551335495510678
0.10883838383838385,2.2841434982910684e-05,0.9563817834104607,0.04359537515455647
0.10934343434343435,2.484789388603616e-05,0.9572300042827414,0.042745147823372576
0.10984848484848486,2.5070870699745097e-05,0.9584558256543998,0.04151910347490051
0.11035353535353536,3.7751349677522586e-05,0.9602471383805001,0.03971511026982233
0.11085858585858586,5.426715444733532e-05,0.9607576200024017,0.039188112843150935
0.11136363636363636,9.974832738082488e-05,0.9630783544288155,0.03682189724380369
0.11186868686868687,0.00018281670710371993,0.9636419836344566,0.03617519965843963
0.11237373737373738,0.0003228669387268521,0.9654218704282445,0.034255262633028694
0.11287878787878788,0.0005826100189920162,0.9669292126225438,0.0324881773584641
0.11338383838383839,0.0008295609051823395,0.967522779307833,0.03164765978698458
0.1138888888888889,0.0011296140986905743,0.9702446129763231,0.028625772924986248
0.1143939393939394,0.0013707415325970164,0.9702487103545048,0.028380548112898252
0.1148989898989899,0.001546704149987415,0.9729490637480118,0.025504232102000812
0.1154040404040404,0.0019920441561791145,0.973499658879073,0.024508296964747878
0.1159090909090909,0.0022780659635588977,0.9740391139578912,0.023682820078549827
0.11641414141414141,0.003232767465126816,0.9758754323809284,0.020891800153944762
0.11691919191919192,0.004398926925060408,0.9726126304729009,0.022988442602038694
0.11742424242424243,0.006658217230552881,0.9739874295276295,0.019354353241817557
0.11792929292929294,0.012397793110411132,0.9645727183986329,0.023029488490955985
0.11843434343434343,0.021844855858663567,0.9544868825011986,0.0236682616401378
0.11893939393939394,0.06312255020693561,0.9116279687871045,0.025249481005959917
0.11944444444444444,0.12930887017501247,0.8249727073323341,0.045718422492653454
0.11994949494949494,0.12479127793791596,0.8397274818374042,0.0354812402246798
0.12045454545454545,0.05917676798534167,0.9142482681045778,0.026574963910080518
0.12095959595959596,0.033122768636205877,0.9327570877482745,0.03412014361551963
0.12146464646464647,0.02657700788379687,0.9463740228591012,0.027048969257101874
0.12196969696969698,0.01714685605542623,0.947316732656157,0.03553641128841678
0.12247474747474747,0.019244675191716888,0.9488543059063808,0.031901018901902334
0.12297979797979798,0.014616995164739258,0.9517119762702587,0.03367102856500204
0.12348484848484849,0.017303031389574435,0.9472378985947105,0.03545907001571502
0.12398989898989898,0.017619419626988965,0.9579019716113223,0.024478608761688725
0.12449494949494949,0.01826508301977231,0.951273933293869,0.030460983686358634
0.125,0.025647138748736416,0.9672411416420189,0.007111719609244727
