Parameter,Value
Length (mm),3.0
Generation,1
Best Fitness,0.49848983117569695
Genome,"[2, 2, 2, 2, 2, 0, 1, 1, 1, 1]"
Source TM CSV,/mnt/c/Users/Traveler/PycharmProjects/GA_based_Geometry_Optimization_for_Surface_Wave_Reflection/GA_SW_suppression_TM/3_0mm/optimization_results_3mm/best_gen_1.csv
Source TM Generation,1
Source TM Fitness,0.6869303417425159
Source TM MTime,1773271756.155982

Frequency,T,R,L
0.055,0.5324260138639515,0.058212169327534875,0.40936181680851363
0.05550505050505051,0.521326820561491,0.061184573805130815,0.41748860563337814
0.05601010101010101,0.5092435415409814,0.06440056658762044,0.42635589187139816
0.05651515151515152,0.49645436749959015,0.06788657685188115,0.4356590556485287
0.05702020202020202,0.48327857143655073,0.0716363052486091,0.4450851233148402
0.05752525252525253,0.4699800240632332,0.07562605494199132,0.45439392099477544
0.05803030303030303,0.4567308354507401,0.07982799452928069,0.4634411700199792
0.05853535353535354,0.4436180467744925,0.08421874253514096,0.4721632106903665
0.05904040404040404,0.43067157668837164,0.08878303344081045,0.4805453898708179
0.05954545454545455,0.4178954886332287,0.0935136297896418,0.48859088157712954
0.06005050505050505,0.4052919215417605,0.09840912767086928,0.4962989507873702
0.06055555555555556,0.39287399311959803,0.10347114564426063,0.5036548612361413
0.061060606060606065,0.38066878966236267,0.10870191424884638,0.510629296088791
0.06156565656565657,0.36871384492627385,0.1141027544140374,0.5171834006596887
0.062070707070707075,0.35705080671700534,0.11967350688537243,0.5232756863976222
0.06257575757575758,0.34571913309848423,0.12541271393908507,0.5288681529624307
0.06308080808080808,0.3347514218123361,0.13131825257897284,0.5339303256086911
0.06358585858585859,0.3241708736229435,0.1373881312794861,0.5384409950975704
0.06409090909090909,0.3139906583184679,0.14362123689012088,0.5423881047914112
0.0645959595959596,0.30421461194177635,0.15001790979205365,0.54576747826617
0.0651010101010101,0.2948386493739277,0.15658030512807078,0.5485810454980016
0.06560606060606061,0.28585239852741,0.16331255313797732,0.5508350483346127
0.06611111111111112,0.2772407410497027,0.1702207611380902,0.5525384978122072
0.06661616161616161,0.268985108977764,0.17731290868310337,0.5537019823391327
0.06712121212121212,0.26106450508042767,0.1845986832237043,0.554336811695868
0.06762626262626263,0.253456281913951,0.19208929280097073,0.5544544252850783
0.06813131313131314,0.24613674077199746,0.1997972798819428,0.5540659793460598
0.06863636363636363,0.23908161131498035,0.20773634923858944,0.5531820394464303
0.06914141414141414,0.23226645904424512,0.21592121409427478,0.5518123268614801
0.06964646464646465,0.225667050521732,0.224367458817116,0.549965490661152
0.07015151515151516,0.21925969088791555,0.2330914128527312,0.5476488962593533
0.07065656565656567,0.21302153716690791,0.24211002876385912,0.5448684340692329
0.07116161616161616,0.20693088436914306,0.25144075658163856,0.5416283590492184
0.07166666666666667,0.2009674187328219,0.26110140668434834,0.5379311745828298
0.07217171717171718,0.19511243243654058,0.27110999375518685,0.5337775738082726
0.07267676767676767,0.1893489956567764,0.2814845548188264,0.5291664495243972
0.07318181818181818,0.18366208405375714,0.2922429348128186,0.5240949811334242
0.07368686868686869,0.1780386620420757,0.30340253359330077,0.5185588043646234
0.0741919191919192,0.17246772418060802,0.3149800087403458,0.5125522670790461
0.0746969696969697,0.16694029853108114,0.3269909290914317,0.5060687723774872
0.07520202020202021,0.16144941684462896,0.33944937469335096,0.49910120846202005
0.07570707070707071,0.15599005697444437,0.35236747994237017,0.4916424630831855
0.07621212121212122,0.15055906304983097,0.3657549182094422,0.48368601874072675
0.07671717171717173,0.1451550487628028,0.37961832835552556,0.4752266228816716
0.07722222222222222,0.13977828868904157,0.3939606863598793,0.4662610249510792
0.07772727272727273,0.13443060195518886,0.40878062892069844,0.4567887691241127
0.07823232323232324,0.12911523182639148,0.42407174041442414,0.44681302775918436
0.07873737373737374,0.12383672396269488,0.43982182002717296,0.4363414560101322
0.07924242424242425,0.11860080521438747,0.4560121521152572,0.4253870426703554
0.07974747474747476,0.11341426392590395,0.4726168097019474,0.41396892637214866
0.08025252525252526,0.10828483182891506,0.4896020281023476,0.4021131400687374
0.08075757575757576,0.10322106676736227,0.5069256924270988,0.38985324080553885
0.08126262626262627,0.09823223475904591,0.524536988387322,0.37723077685363215
0.08176767676767677,0.0933281893182444,0.5423762694609388,0.36429554122081687
0.08227272727272728,0.08851924560744658,0.5603751940071231,0.3511055603854303
0.08277777777777778,0.083816046921203,0.5784571822280863,0.3377267708507107
0.08328282828282829,0.07922942129145251,0.5965382340021542,0.3242323447063933
0.0837878787878788,0.0747702266814815,0.6145281339090313,0.31070163940948725
0.0842929292929293,0.0704491843108821,0.632332049152859,0.2972187665362589
0.0847979797979798,0.06627670108461796,0.6498525002412131,0.283870798674169
0.08530303030303031,0.0622626837871786,0.6669916547775048,0.27074566143531664
0.08580808080808082,0.0584163494913003,0.6836538640577717,0.257929786450928
0.08631313131313131,0.054746038315701975,0.6997483335575484,0.2455056281267496
0.08681818181818182,0.051259036017956144,0.7151917954599498,0.23354916852209406
0.08732323232323233,0.04796141470479371,0.7299110375807087,0.2221275477144975
0.08782828282828284,0.04485790000687312,0.7438451411142437,0.2112969588788831
0.08833333333333335,0.041951772305146656,0.7569472909709887,0.20110093672386464
0.08883838383838386,0.0392448080268011,0.7691860468145663,0.19156914515863266
0.08934343434343435,0.03673726478162125,0.7805459981504177,0.1827167370679611
0.08984848484848486,0.03442791141738984,0.791027769316435,0.17454431926617509
0.09035353535353535,0.03231410123518872,0.8006473853170039,0.1670385134478074
0.09085858585858586,0.030391883941040195,0.8094350521967274,0.1601730638622324
0.09136363636363637,0.028656149706111845,0.8174334416544822,0.15391040863940597
0.09186868686868688,0.02710079717625967,0.8246955956069635,0.14820360721677683
0.09237373737373739,0.025718916524429272,0.8312825807324956,0.14299850274307513
0.0928787878787879,0.024502978680428635,0.8372610256013264,0.13823599571824496
0.0933838383838384,0.02344502261100378,0.8427006651848487,0.13385431220414756
0.0938888888888889,0.02253683379906083,0.8476720016841199,0.12979116451681927
0.0943939393939394,0.021770108687892222,0.8522441695635986,0.1259857217485092
0.0948989898989899,0.021136601612595056,0.8564830692569383,0.1223803291304667
0.09540404040404041,0.020628252454841543,0.8604498106815788,0.11892193686357966
0.09590909090909092,0.020237294783614697,0.8641994863046769,0.1155632189117084
0.09641414141414142,0.019956345482160503,0.8677802751946505,0.11226337932318897
0.09691919191919193,0.019778477752988844,0.871232864776296,0.10898865747071518
0.09742424242424244,0.019697279920345593,0.8745901658684436,0.10571255421121073
0.09792929292929294,0.019706902627748258,0.8778772886615057,0.10241580871074607
0.09843434343434344,0.019802096896889526,0.8811117420616541,0.0990861610414564
0.09893939393939395,0.019978245133903578,0.8843038157514833,0.09571793911461313
0.09944444444444445,0.020231386615719237,0.8874571029794244,0.09231151040485641
0.09994949494949495,0.020558238353404586,0.8905691222658326,0.08887263938076284
0.10045454545454546,0.02095621161281372,0.8936319979140879,0.08541179047309844
0.10095959595959597,0.021423423886601813,0.896633162650734,0.0819434134626642
0.10146464646464648,0.0219587058706714,0.8995560512393378,0.07848524288999081
0.10196969696969699,0.022561603112064177,0.9023807618511026,0.07505763503683327
0.10247474747474748,0.02323237255273027,0.9050846724499247,0.071682954997345
0.10297979797979799,0.023971975239183686,0.9076430120325734,0.06838501272824293
0.10348484848484849,0.024782067965419204,0.9100293998781147,0.06518853215646614
0.103989898989899,0.025664998396610187,0.9122163770333838,0.062118624570006054
0.1044949494949495,0.026623809903339225,0.9141759576960798,0.05920023240058092
0.10500000000000001,0.02766226320799584,0.9158802147828615,0.05645752200914267
