Parameter,Value
Length (mm),4.2
Generation,1
Best Fitness,0.4829519143656614
Genome,"[2, 2, 2, 2, 2, 0, 1, 1, 1, 1, 1, 3, 3, 3]"
Source TM CSV,/mnt/c/Users/Traveler/PycharmProjects/GA_based_Geometry_Optimization_for_Surface_Wave_Reflection/GA_SW_suppression_TM/4_2mm/optimization_results_4_2mm/best_gen_1.csv
Source TM Generation,1
Source TM Fitness,0.696374931439404
Source TM MTime,1773271756.169982

Frequency,T,R,L
0.055,0.40345354998381044,0.05305684467829894,0.5434896053378906
0.05550505050505051,0.3957445980814015,0.05181275415909238,0.5524426477595061
0.05601010101010101,0.3302113567243823,0.04621424740941061,0.6235743958662071
0.05651515151515152,0.318769979934661,0.05209157677598435,0.6291384432893546
0.05702020202020202,0.33442344876698243,0.05996158539223572,0.6056149658407819
0.05752525252525253,0.3158491730674023,0.060853714917225646,0.6232971120153721
0.05803030303030303,0.28560403842872106,0.06154805707724521,0.6528479044940337
0.05853535353535354,0.2768494025756253,0.06704953603272318,0.6561010613916516
0.05904040404040404,0.27294119633742475,0.07258032693331491,0.6544784767292603
0.05954545454545455,0.25625196826493035,0.07529831213488217,0.6684497196001875
0.06005050505050505,0.23846519337409305,0.07849163122325149,0.6830431754026554
0.06055555555555556,0.22899017924887827,0.0837943288696898,0.6872154918814319
0.061060606060606065,0.2200444497268004,0.08896407718182921,0.6909914730913704
0.06156565656565657,0.20673868580778812,0.09304350435856171,0.7002178098336502
0.062070707070707075,0.19427575529383065,0.09756645518091826,0.7081577895252511
0.06257575757575758,0.18526559155314315,0.10311573219184084,0.7116186762550161
0.06308080808080808,0.1763264001799889,0.10863186025817595,0.7150417395618351
0.06358585858585859,0.1661080188956456,0.1137343189758692,0.7201576621284852
0.06409090909090909,0.15685333358873124,0.11915511946722522,0.7239915469440436
0.0645959595959596,0.14927713534818396,0.12515217641195686,0.7255706882398592
0.0651010101010101,0.1418779553855763,0.1312083175653412,0.7269137270490825
0.06560606060606061,0.13426190516370137,0.13713691784487286,0.7286011769914258
0.06611111111111112,0.1274268995295161,0.1433147209311694,0.7292583795393145
0.06661616161616161,0.1215588458763884,0.14989560406752353,0.728545550056088
0.06712121212121212,0.11593337199151248,0.15661467023091996,0.7274519577775675
0.06762626262626263,0.11042059652033101,0.16335933422087273,0.7262200692587963
0.06813131313131314,0.10550427102945321,0.1703433897944406,0.7241523391761061
0.06863636363636363,0.10122282715575553,0.1776823054974779,0.7210948673467665
0.06914141414141414,0.09718490649488844,0.18523191630938998,0.7175831771957216
0.06964646464646465,0.09334388484106963,0.19291077340827573,0.7137453417506547
0.07015151515151516,0.08997128559841878,0.20085304553806138,0.7091756688635198
0.07065656565656567,0.08706951951166644,0.2091581497846834,0.7037723307036502
0.07116161616161616,0.08440322773197324,0.21774212132346907,0.6978546509445577
0.07166666666666667,0.08196602578232455,0.22653556987321177,0.6914984043444636
0.07217171717171718,0.07995077510459217,0.23563066500430258,0.6844185598911052
0.07267676767676767,0.07836470175143975,0.24512147595690323,0.676513822291657
0.07318181818181818,0.07706188996010635,0.25495543900510614,0.6679826710347876
0.07368686868686869,0.07608270477652343,0.26506508868678547,0.6588522065366911
0.0741919191919192,0.07562664097052119,0.275524020320824,0.6488493387086548
0.0746969696969697,0.07574739001900804,0.2864406773056217,0.6378119326753703
0.07520202020202021,0.07639204506216372,0.2977991710080693,0.625808783929767
0.07570707070707071,0.07771096025717295,0.3095638743391929,0.6127251654036341
0.07621212121212122,0.08002251138888163,0.3218844295140787,0.5980930590970397
0.07671717171717173,0.08348480921685032,0.3350508876687698,0.5814643031143799
0.07722222222222222,0.08810143846113463,0.3493407980745975,0.5625577634642679
0.07772727272727273,0.09394657830369482,0.36518740790059384,0.5408660137957113
0.07823232323232324,0.1007512037004836,0.38350435901785673,0.5157444372816596
0.07873737373737374,0.10692664772185373,0.40539132900052294,0.4876820232776233
0.07924242424242425,0.10952468650868304,0.43102262473322994,0.459452688758087
0.07974747474747476,0.10600953402350533,0.4587801307088926,0.43521033526760206
0.08025252525252526,0.09638473086141734,0.48583363529225554,0.41778163384632716
0.08075757575757576,0.08337462972386542,0.5098888225481026,0.4067365477280319
0.08126262626262627,0.07041316785542165,0.5304702904923094,0.39911654165226895
0.08176767676767677,0.05954488995493532,0.5486228073159126,0.39183230272915204
0.08227272727272728,0.05105548962280682,0.5656414802457687,0.3833030301314245
0.08277777777777778,0.044452451704313146,0.5822345455270077,0.3733130027686792
0.08328282828282829,0.039290345271009115,0.598625938199796,0.3620837165291948
0.0837878787878788,0.03524480309247182,0.614949863709774,0.3498053331977542
0.0842929292929293,0.03197284546527833,0.6313061524425897,0.33672100209213196
0.0847979797979798,0.029193723663374933,0.6476200648043293,0.32318621153229576
0.08530303030303031,0.026788237726961754,0.663700468844805,0.30951129342823325
0.08580808080808082,0.024703260554311476,0.6794332985355969,0.29586344091009165
0.08631313131313131,0.022842184420510454,0.6947936894064611,0.2823641261730284
0.08681818181818182,0.021116040364876028,0.7096957587854608,0.2691882008496632
0.08732323232323233,0.019515025268662046,0.7239722314417362,0.25651274328960183
0.08782828282828284,0.018052309471463773,0.7375205320324976,0.2444271584960387
0.08833333333333335,0.016692262637297568,0.7503510436032264,0.23295669375947603
0.08883838383838386,0.015392417608247682,0.762456225851881,0.22215135653987128
0.08934343434343435,0.014164516280826113,0.7737427908732188,0.212092692845955
0.08984848484848486,0.01303504194256258,0.7841526254792492,0.2028123325781882
0.09035353535353535,0.011985108121541861,0.793753437960636,0.19426145391782212
0.09085858585858586,0.010983109377867166,0.8026288279878071,0.18638806263432572
0.09136363636363637,0.0100421438295806,0.8107603860774613,0.17919747009295817
0.09186868686868688,0.00919129379117702,0.8181186857627388,0.17269002044608417
0.09237373737373739,0.008417528666436367,0.824803647400869,0.1667788239326946
0.0928787878787879,0.007689007929253458,0.8309689867213702,0.16134200534937637
0.0933838383838384,0.007014224364884832,0.8366480809605219,0.15633769467459324
0.0938888888888889,0.00642414132182441,0.8417976958967947,0.1517781627813809
0.0943939393939394,0.005910484592950887,0.846498400466908,0.1475911149401411
0.0948989898989899,0.005436835434452574,0.8509430894627228,0.1436200751028246
0.09540404040404041,0.005003976509616337,0.855200505462039,0.13979551802834467
0.09590909090909092,0.004647535781064542,0.8591739805380884,0.13617848368084706
0.09641414141414142,0.004368138047259285,0.8628676249714902,0.1327642369812505
0.09691919191919193,0.004122306600748737,0.8664929649748921,0.1293847284243591
0.09742424242424244,0.0038978458568194275,0.8701721690749713,0.1259299850682093
0.09792929292929294,0.003738977290523442,0.8737396829318185,0.12252133977765811
0.09843434343434344,0.003665258774412424,0.8770598136298141,0.11927492759577352
0.09893939393939395,0.003624180726828247,0.8803472510990761,0.11602856817409568
0.09944444444444445,0.003577721360005401,0.8838456323595854,0.1125766462804092
0.09994949494949495,0.0035818932365168747,0.8873453238830853,0.10907278288039779
0.10045454545454546,0.0036972091402046148,0.8904787065936061,0.10582408426618928
0.10095959595959597,0.0038629087726539195,0.8934166507798068,0.10272044044753925
0.10146464646464648,0.003983989756593041,0.8966559977070806,0.09936001253632631
0.10196969696969699,0.0041248916266622025,0.9000493690200047,0.09582573935333316
0.10247474747474748,0.004437842732238633,0.9028458775832497,0.09271627968451157
0.10297979797979799,0.004869843685013242,0.9050077741595318,0.09012238215545498
0.10348484848484849,0.005194105578670923,0.9074928340339445,0.08731306038738451
0.103989898989899,0.005450344678931466,0.9105230313815333,0.0840266239395352
0.1044949494949495,0.00600388437182055,0.9127453188026707,0.08125079682550873
0.10500000000000001,0.006889109247721658,0.9134320491852561,0.07967884156702221
