Parameter,Value
Length (mm),1.8
Generation,1
Best Fitness,0.48093561957213793
Genome,"[2, 2, 2, 2, 1, 1]"
Source TM CSV,/mnt/c/Users/Traveler/PycharmProjects/GA_based_Geometry_Optimization_for_Surface_Wave_Reflection/GA_SW_suppression_TM/1_8mm/optimization_results_1_8mm/best_gen_1.csv
Source TM Generation,1
Source TM Fitness,0.5311850265726235
Source TM MTime,1773271756.142981

Frequency,T,R,L
0.055,0.5460568813622372,0.05561114013095727,0.3983319785068056
0.05550505050505051,0.53382262328754,0.05850534246430298,0.40767203424815696
0.05601010101010101,0.5213106665716939,0.06166228096821836,0.41702705246008775
0.05651515151515152,0.5085405413001608,0.06508549360665808,0.42637396509318115
0.05702020202020202,0.495556736797304,0.06875478994772576,0.4356884732549703
0.05752525252525253,0.48241772543839107,0.07264134103432558,0.4449409335272834
0.05803030303030303,0.46918714222225316,0.07671849983865331,0.4540943579390936
0.05853535353535354,0.45592841105281523,0.08096732595379436,0.4631042629933904
0.05904040404040404,0.4427023855055246,0.08537764702642649,0.471919967468049
0.05954545454545455,0.42956684309324733,0.08994631166763932,0.48048684523911334
0.06005050505050505,0.41657667973280965,0.0946743110889945,0.48874900917819586
0.06055555555555556,0.4037840274969999,0.09956402171914017,0.49665195078385993
0.061060606060606065,0.3912379626353376,0.10461725898216875,0.5041447783824936
0.06156565656565657,0.37898381020359095,0.10983433808112443,0.5111818517152846
0.062070707070707075,0.36706223184577047,0.11521400655365086,0.5177237616005786
0.06257575757575758,0.35550832508247293,0.12075395709068147,0.5237377178268456
0.06308080808080808,0.34435091795462014,0.1264516097779339,0.529197472267446
0.06358585858585859,0.3336121640117673,0.1323049149768827,0.53408292101135
0.06409090909090909,0.3233074658339041,0.13831302052232364,0.5383795136437722
0.0645959595959596,0.31344569866184846,0.1444767344474277,0.5420775668907238
0.0651010101010101,0.3040296733887627,0.150798779175722,0.5451715474355154
0.06560606060606061,0.2950567663591497,0.15728387092800444,0.5476593627128459
0.06611111111111112,0.2865196456287102,0.16393867304915613,0.5495416813221337
0.06661616161616161,0.27840703333770916,0.17077167137182803,0.5508212952904629
0.06712121212121212,0.2707044569928586,0.17779301081818125,0.5515025321889602
0.06762626262626263,0.26339495579618116,0.18501432069887253,0.5515907235049462
0.06813131313131314,0.2564597201078493,0.19244854501785888,0.5510917348742917
0.06863636363636363,0.24987865200725523,0.2001097851592713,0.5500115628334734
0.06914141414141414,0.243630842582309,0.20801315602418868,0.5483560013935023
0.06964646464646465,0.23769496717977467,0.21617465271877737,0.546130380101448
0.07015151515151516,0.2320496036757246,0.22461102270952357,0.5433393736147518
0.07065656565656567,0.22667348120436953,0.23333963736878688,0.5399868814268436
0.07116161616161616,0.221545668045273,0.2423783565420514,0.5360759754126756
0.07166666666666667,0.21664570781136805,0.25174537982570955,0.5316089123629224
0.07217171717171718,0.21195371295976212,0.2614590784302497,0.5265872086099881
0.07267676767676767,0.20745042417199866,0.27153780170709985,0.5210117741209015
0.07318181818181818,0.2031172434813472,0.2819996526040761,0.5148831039145767
0.07368686868686869,0.19893624827921674,0.2928622265057898,0.5082015252149934
0.0741919191919192,0.1948901925911956,0.3041423081682411,0.5009674992405633
0.0746969696969697,0.19096250132427864,0.3158555218525103,0.4931819768232111
0.07520202020202021,0.18713726257419544,0.328015930399873,0.48484680702593164
0.07570707070707071,0.18339922254923494,0.34063557998127497,0.4759651974694901
0.07621212121212122,0.17973378720241284,0.35372398871823335,0.4665422240793538
0.07671717171717173,0.17612703424256487,0.36728757943365775,0.4565853863237773
0.07722222222222222,0.17256573878247913,0.3813290595689845,0.44610520164853634
0.07772727272727273,0.16903741543565673,0.39584675489950644,0.4351158296648368
0.07823232323232324,0.16553037914479288,0.41083390815829746,0.4236357126969097
0.07873737373737374,0.16203382636340388,0.42627795904585125,0.41168821459074484
0.07924242424242425,0.15853793736793914,0.44215982827136535,0.39930223436069545
0.07974747474747476,0.15503399940855467,0.4584532350328147,0.3865127655586306
0.08025252525252526,0.15151454908481796,0.4751240843275507,0.3733613665876313
0.08075757575757576,0.14797353075404956,0.49212996713898943,0.35989650210696106
0.08126262626262627,0.1444064659753461,0.5094198221167362,0.3461737119079177
0.08176767676767677,0.14081062703679742,0.5269338109239051,0.3322555620392974
0.08227272727272728,0.13718520563462408,0.5446034599059172,0.3182113344594587
0.08277777777777778,0.13353146595374696,0.56235211705497,0.304116416991283
0.08328282828282829,0.1298528699716574,0.5800957644483254,0.2900513655800171
0.0837878787878788,0.12615516203521826,0.5977442118013294,0.2761006261634523
0.0842929292929293,0.1224463999087532,0.6152026764216193,0.26235092366962753
0.0847979797979798,0.11873692078594551,0.6323737293572689,0.24888934985678557
0.08530303030303031,0.11503923333166909,0.6491595584625103,0.23580120820582062
0.08580808080808082,0.11136783066675962,0.66546446891775,0.2231677004154904
0.08631313131313131,0.10773892414649304,0.6811975136194903,0.21106356223401668
0.08681818181818182,0.10417010344102155,0.6962751233571188,0.19955477320185966
0.08732323232323233,0.10067993426589056,0.7106235932299536,0.18869647250415578
0.08782828282828284,0.09728751048951574,0.7241812800042685,0.1785312095062157
0.08833333333333335,0.09401198160414258,0.7369003764455851,0.16908764195027226
0.08883838383838386,0.09087207912292207,0.7487481527884527,0.1603797680886252
0.08934343434343435,0.08788566598924773,0.7597075903508593,0.15240674365989293
0.08984848484848486,0.08506933145390916,0.7697773742537928,0.14515329429229806
0.09035353535353535,0.08243805028063038,0.7789712566632112,0.13859069305615845
0.09085858585858586,0.0800049200321806,0.7873168440722321,0.13267823589558725
0.09136363636363637,0.07778098419999348,0.7948538975381793,0.12736511826182728
0.09186868686868688,0.0757751427767246,0.8016322602920442,0.12259259693123126
0.09237373737373739,0.07399414619962501,0.8077095410917932,0.11829631270858187
0.0928787878787879,0.07244266394417159,0.813148684050927,0.11440865200490147
0.0933838383838384,0.07112341575806866,0.8180155477901969,0.1108610364517344
0.0938888888888889,0.07003735171729708,0.8223766009634721,0.10758604731923083
0.0943939393939394,0.06918386688554161,0.8262968203052025,0.10451931280925597
0.0948989898989899,0.06856103714378098,0.8298378541451793,0.10160110871103967
0.09540404040404041,0.06816586441489675,0.8330564912671504,0.09877764431795277
0.09590909090909092,0.06799452169320976,0.8360034538853569,0.09600202442143335
0.09641414141414142,0.06804259067082713,0.8387225155264838,0.09323489380268912
0.09691919191919193,0.06830528705183604,0.8412499302497739,0.09044478269839007
0.09742424242424244,0.06877767065133678,0.843614148916826,0.08760818043183727
0.09792929292929294,0.06945483895445415,0.8458357907925569,0.08470937025298897
0.09843434343434344,0.07033210389901567,0.8479278341040737,0.08174006199691064
0.09893939393939395,0.07140515224865353,0.8498959867631283,0.07869886098821821
0.09944444444444445,0.07267019009834404,0.8517391978271301,0.07559061207452578
0.09994949494949495,0.07412407190460193,0.8534502711470418,0.07242565694835634
0.10045454545454546,0.07576441409258967,0.8550165449414379,0.06921904096597242
0.10095959595959597,0.07758969291965055,0.8564206048192107,0.06598970226113876
0.10146464646464648,0.07959932603456113,0.8576410032304322,0.06275967073500666
0.10196969696969699,0.08179373721926254,0.8586529656051712,0.05955329717556623
0.10247474747474748,0.0841744042494438,0.8594290724937949,0.056396523256761366
0.10297979797979799,0.08674389069223537,0.8599399173184887,0.05331619198927595
0.10348484848484849,0.08950586364131562,0.8601547495419946,0.05033938681668981
0.103989898989899,0.09246510045753964,0.8600421204683598,0.047492779074100544
0.1044949494949495,0.09562748764237759,0.8595705487987241,0.04480196355889832
0.10500000000000001,0.09900001232049735,0.858709207613037,0.04229078006646558
