Parameter,Value
Generation,5
Best Fitness,1.0307176120463786
Genome,"[2, 0, 2, 2, 2, 2, 0, 0, 3, 1, 1, 1, 1, 2, 1, 3, 2, 1, 1, 0, 2]"

Frequency,T,R,L
0.055,0.3603020454136955,0.3502239946043879,0.2894739599819166
0.05550505050505051,0.3302932131650841,0.37608030577523754,0.29362648105967837
0.05601010101010101,0.30158974080512735,0.4014649961213787,0.29694526307349395
0.05651515151515152,0.274674338015646,0.42618204022950923,0.29914362175484477
0.05702020202020202,0.24994703635425172,0.4501237373752311,0.29992922627051716
0.05752525252525253,0.2276190423493442,0.4732873613909275,0.29909359625972826
0.05803030303030303,0.20770747705341602,0.4957581972512876,0.2965343256952964
0.05853535353535354,0.19011842165876647,0.5176688594369495,0.292212718904284
0.05904040404040404,0.17469683976593614,0.5391666390356115,0.28613652119845245
0.05954545454545455,0.16122030611445246,0.5603963461237785,0.278383347761769
0.06005050505050505,0.14940824312472378,0.5814825249371275,0.26910923193814873
0.06055555555555556,0.1389714520695177,0.6025055180148704,0.25852302991561193
0.061060606060606065,0.1296515876460444,0.6234851582150407,0.24686325413891486
0.06156565656565657,0.12121994477440359,0.6443810450412933,0.2343990101843031
0.062070707070707075,0.11346661517676353,0.6651001161594368,0.22143326866379975
0.06257575757575758,0.10621140700768926,0.6855003421886661,0.20828825080364466
0.06308080808080808,0.09932113533782576,0.705394100806007,0.19528476385616733
0.06358585858585859,0.09270650675717478,0.724560901331469,0.18273259191135627
0.06409090909090909,0.08630581262053727,0.7427680588743965,0.17092612850506628
0.0645959595959596,0.08007965863836743,0.7597887340270975,0.16013160733453513
0.0651010101010101,0.07401724490437196,0.7754134651655108,0.1505692899301172
0.06560606060606061,0.06813483272197474,0.7894616819898193,0.142403485288206
0.06611111111111112,0.062461832609494304,0.8017969250630146,0.13574124232749107
0.06661616161616161,0.05703023912381604,0.8123390897281655,0.13063067114801852
0.06712121212121212,0.05187560987214874,0.82106638937804,0.12705800074981122
0.06762626262626263,0.04703859846852131,0.8280099075579764,0.12495149397350225
0.06813131313131314,0.04255767094202412,0.8332485612437102,0.12419376781426572
0.06863636363636363,0.038460511468628,0.8369051763426459,0.124634312188726
0.06914141414141414,0.03476435005216957,0.8391376669660033,0.12609798298182706
0.06964646464646465,0.0314812369475422,0.8401240246764283,0.12839473837602944
0.07015151515151516,0.028618071111949566,0.8400481843182982,0.13133374456975222
0.07065656565656567,0.02617202027250925,0.8390923795115718,0.13473560021591902
0.07116161616161616,0.0241303281919159,0.837432627555702,0.13843704425238212
0.07166666666666667,0.02247605443489114,0.8352314321593787,0.14229251340573024
0.07217171717171718,0.021191745437405284,0.832629128189647,0.14617912637294772
0.07267676767676767,0.020257189106845454,0.8297404485507206,0.15000236234243391
0.07318181818181818,0.01964735063167877,0.8266575028064184,0.15369514656190286
0.07368686868686869,0.01933565875365345,0.8234527530146964,0.15721158823165005
0.0741919191919192,0.019298377884051157,0.820177599549813,0.16052402256613585
0.0746969696969697,0.019513958431046773,0.8168607036013155,0.16362533796763779
0.07520202020202021,0.019959623199224015,0.8135118963440383,0.16652848045673763
0.07570707070707071,0.020611702920600238,0.8101296600304528,0.16925863704894695
0.07621212121212122,0.02144952252023524,0.8067049085685689,0.17184556891119585
0.07671717171717173,0.022456512979334858,0.8032195849477032,0.174323902072962
0.07722222222222222,0.023616874230510638,0.7996467819470389,0.17673634382245051
0.07772727272727273,0.024913533833473535,0.7959568819893819,0.17912958417714464
0.07823232323232324,0.0263308440033822,0.7921245773790505,0.18154457861756734
0.07873737373737374,0.02785736487125123,0.788129438521343,0.18401319660740578
0.07924242424242425,0.029483853746289587,0.7839519528664078,0.18656419338730257
0.07974747474747476,0.031199671492822014,0.7795737897842738,0.18922653872290418
0.08025252525252526,0.032993600768228624,0.7749843805430703,0.19202201868870106
0.08075757575757576,0.034857663618534186,0.770185229874802,0.19495710650666387
0.08126262626262627,0.03678728269018961,0.7651854375307056,0.19802727977910484
0.08176767676767677,0.03877714523746864,0.7599947394080157,0.20122811535451568
0.08227272727272728,0.04081957037340128,0.7546245722938846,0.20455585733271409
0.08277777777777778,0.04290825266087383,0.7490954733406477,0.20799627399847842
0.08328282828282829,0.04504104298732938,0.7434381737164846,0.21152078329618607
0.0837878787878788,0.04721659656653163,0.7376839330819834,0.2150994703514849
0.0842929292929293,0.049430085233027575,0.7318564779029891,0.21871343686398326
0.0847979797979798,0.05167538572887861,0.7259773363703934,0.22234727790072795
0.08530303030303031,0.05395047358359759,0.7200764546221478,0.22597307179425463
0.08580808080808082,0.05625661542260946,0.7141898518365014,0.2295535327408892
0.08631313131313131,0.05859184557306699,0.708344136321807,0.233064018105126
0.08681818181818182,0.060949678391094934,0.7025498644746724,0.23650045713423273
0.08732323232323233,0.06332634047656836,0.6968162453666086,0.23985741415682305
0.08782828282828284,0.06572481591361572,0.6911670095963354,0.24310817449004896
0.08833333333333335,0.06814755250576328,0.6856300577905896,0.24622238970364707
0.08883838383838386,0.07058903397225555,0.6802105624988215,0.24920040352892292
0.08934343434343435,0.07304252174485173,0.6748888483984883,0.25206862985666
0.08984848484848486,0.07551238307876187,0.6696554893123046,0.2548321276089336
0.09035353535353535,0.07801015414519553,0.6645355206790825,0.257454325175722
0.09085858585858586,0.08053677339190737,0.6595535181141882,0.2599097084939045
0.09136363636363637,0.08308230320750308,0.6546764750947438,0.2622412216977531
0.09186868686868688,0.08565482556081526,0.6498342391172213,0.26451093532196346
0.09237373737373739,0.08829769132424486,0.6450412865519283,0.2666610221238269
0.0928787878787879,0.09104976854615197,0.640485616656641,0.26846461479720696
0.0933838383838384,0.09387636186120733,0.6364197229376429,0.2697039152011498
0.0938888888888889,0.0966606718030724,0.6328878359077581,0.27045149228916954
0.0943939393939394,0.09929579232961985,0.6295605166281014,0.27114369104227876
0.0948989898989899,0.10179441246310687,0.6259110535326416,0.2722945340042515
0.09540404040404041,0.10429244011978786,0.6216236772216834,0.2740838826585287
0.09590909090909092,0.10693371952747142,0.6168340788502176,0.276232201622311
0.09641414141414142,0.10975978881460635,0.6119398090870198,0.2783004020983738
0.09691919191919193,0.11271940397155258,0.6071795343559524,0.28010106167249504
0.09742424242424244,0.11576706356167257,0.6024409455604551,0.2817919908778723
0.09792929292929294,0.11892283435019914,0.5974837409637496,0.2835934246860513
0.09843434343434344,0.12223460766231774,0.5922656854165932,0.28549970692108906
0.09893939393939395,0.12571562306194098,0.5869531483589848,0.2873312285790742
0.09944444444444445,0.12934788156245633,0.581628301546112,0.28902381689143164
0.09994949494949495,0.13313589191197595,0.5761173256250096,0.29074678246301444
0.10045454545454546,0.13712398279700377,0.5701962387692459,0.29267977843375037
0.10095959595959597,0.14135140158613144,0.563889351674013,0.29475924673985554
0.10146464646464648,0.1458154125993817,0.5574128924109804,0.29677169498963796
0.10196969696969699,0.15050024058807274,0.5508087437463873,0.2986910156655399
0.10247474747474748,0.155428638627967,0.5437986225319623,0.3007727388400707
0.10297979797979799,0.1606548477528428,0.536125758057064,0.30321939419009325
0.10348484848484849,0.16620346940189765,0.5279267375656158,0.3058697930324865
0.103989898989899,0.1720452760812943,0.5195417203113017,0.308413003607404
0.1044949494949495,0.1781551471296581,0.5109533300950047,0.31089152277533727
0.10500000000000001,0.1845733935537134,0.5016879458636669,0.3137386605826197
