Parameter,Value
Generation,3
Best Fitness,0.9198648581733888
Genome,"[2, 2, 2, 2, 2, 1, 3, 0, 0, 3, 3, 0, 2, 1]"

Frequency,T,R,L
0.055,0.3720319569400613,0.31591980829754734,0.31204823476239135
0.05550505050505051,0.33322933172231606,0.33607877506181283,0.3306918932158711
0.05601010101010101,0.2977857739606879,0.35424346083858893,0.3479707652007231
0.05651515151515152,0.2662964836224135,0.3707398052567196,0.36296371112086684
0.05702020202020202,0.23897796571504337,0.3859511676520566,0.3750708666329
0.05752525252525253,0.2157480034980905,0.40027603680336415,0.3839759596985453
0.05803030303030303,0.19631033676947948,0.41409741808675016,0.38959224514377033
0.05853535353535354,0.18023325384964656,0.42776144894360607,0.3920052972067474
0.05904040404040404,0.16701597192373283,0.44156318152046226,0.3914208465558049
0.05954545454545455,0.1561403328002422,0.4557378239544529,0.3881218432453049
0.06005050505050505,0.14710795049839995,0.4704560578500525,0.3824359916515475
0.06055555555555556,0.13946455628005847,0.48582237959516267,0.37471306412477884
0.061060606060606065,0.1328140406652033,0.5018757521607213,0.36531020717407536
0.06156565656565657,0.12682480803102197,0.5185921780745661,0.35458301389441194
0.062070707070707075,0.12123077311762342,0.5358890741646197,0.34288015271775685
0.06257575757575758,0.11582884768497952,0.5536315043323289,0.33053964798269164
0.06308080808080808,0.11047424541907754,0.5716403783265328,0.3178853762543896
0.06358585858585859,0.10507447415991567,0.5897026412594729,0.3052228845806114
0.06409090909090909,0.09958253886338625,0.6075832742352971,0.2928341869013167
0.0645959595959596,0.0939896617233412,0.6250386420676536,0.2809716962090052
0.0651010101010101,0.08831772615442339,0.64183042458564,0.26985184925993666
0.06560606060606061,0.08261163942404574,0.657739130690904,0.25964922988505035
0.06611111111111112,0.07693184534895328,0.6725760900645423,0.2504920645865044
0.06661616161616161,0.07134726313604063,0.6861928900708372,0.24245984679312216
0.06712121212121212,0.06592894797640025,0.6984874764149751,0.23558357560862464
0.06762626262626263,0.06074474430138365,0.7094065216111788,0.22984873408743756
0.06813131313131314,0.05585513154026783,0.718944107976025,0.22520076048370719
0.06863636363636363,0.05131035758303463,0.727137183626947,0.2215524587900184
0.06914141414141414,0.04714883862852073,0.7340585569879597,0.21879260438351955
0.06964646464646465,0.04339669851396716,0.7398083559310429,0.21679494555499002
0.07015151515151516,0.04006824334432934,0.7445048881279179,0.21542686852775272
0.07065656565656567,0.03716712661957327,0.7482757271292649,0.21455714625116185
0.07116161616161616,0.03468795533395336,0.7512496595116526,0.21406238515439402
0.07166666666666667,0.03261811127161978,0.7535499102907997,0.21383197843758062
0.07217171717171718,0.03093960335991809,0.7552888563170935,0.2137715403229884
0.07267676767676767,0.029630815891088465,0.7565642660366982,0.21380491807221325
0.07318181818181818,0.028668065220399254,0.7574569798225316,0.2138749549570692
0.07368686868686869,0.028026918706034902,0.7580298676078047,0.21394321368616043
0.0741919191919192,0.027683261564457686,0.7583278622443776,0.2139888761911647
0.0746969696969697,0.027614119603525472,0.7583788573140028,0.21400702308247177
0.07520202020202021,0.027798259522235042,0.7581952665363721,0.21400647394139283
0.07570707070707071,0.028216595386920593,0.7577760597629183,0.21400734485016115
0.07621212121212122,0.028852431924979015,0.7571091116814946,0.21403845639352637
0.07671717171717173,0.02969157416182357,0.7561737201666883,0.21413470567148818
0.07722222222222222,0.030722330073532596,0.7549431701494083,0.2143344997770591
0.07772727272727273,0.031935429367018514,0.7533872358548239,0.21467733477815754
0.07823232323232324,0.03332387790972978,0.7514745299924125,0.21520159209785772
0.07873737373737374,0.03488276409732043,0.7491746239632038,0.21594261193947584
0.07924242424242425,0.03660903073349959,0.746459879212447,0.2169310900540533
0.07974747474747476,0.038501223810997104,0.743306946923945,0.21819182926505798
0.08025252525252526,0.04055922784320709,0.7396979112310064,0.21974286092578654
0.08075757575757576,0.042783995977460604,0.7356210694279943,0.22159493459454505
0.08126262626262627,0.04517728189468829,0.7310713603747928,0.2237513577305189
0.08176767676767677,0.04774137936197775,0.7260504683065259,0.22620815233149638
0.08227272727272728,0.05047887418888478,0.7205666425562517,0.22895448325486356
0.08277777777777778,0.05339241222381339,0.7146342834625716,0.23197330431361496
0.08328282828282829,0.05648448593116546,0.7082733505089853,0.23524216355984917
0.0837878787878788,0.05975724105953543,0.7015086504649611,0.23873410847550347
0.0842929292929293,0.06321230400626711,0.6943690612793235,0.2424186347144094
0.0847979797979798,0.06685062976325491,0.6868867423194144,0.24626262791733067
0.08530303030303031,0.07067236983786293,0.6790963740470686,0.25023125611506847
0.08580808080808082,0.07467675930246859,0.6710344612413894,0.2542887794561419
0.08631313131313131,0.07886202212956536,0.662738724257983,0.25839925361245164
0.08681818181818182,0.08322529418200585,0.6542475932912021,0.26252711252679206
0.08732323232323233,0.08776256359225254,0.6455998117667043,0.2666376246410431
0.08782828282828284,0.0924686287080424,0.636834147254714,0.2706972240372436
0.08833333333333335,0.09733707422718821,0.6279892019131316,0.27467372385968025
0.08883838383838386,0.10236026651911648,0.6191033095495483,0.27853642393133526
0.08934343434343435,0.10752936937690515,0.6102145029154351,0.28225612770765973
0.08984848484848486,0.11283438152327134,0.6013605327031508,0.2858050857735779
0.09035353535353535,0.11826419709222515,0.5925789187275408,0.2891568841802341
0.09085858585858586,0.12380669003224722,0.5839070137199833,0.2922862962477695
0.09136363636363637,0.12944882295079288,0.5753820608057778,0.29516911624342934
0.09186868686868688,0.1351767803778299,0.5670412268480494,0.29778199277412076
0.09237373737373739,0.14097612580318325,0.5589215952235513,0.30010227897326547
0.0928787878787879,0.14683198116822838,0.551060103102721,0.3021079157290506
0.0933838383838384,0.1527292267867348,0.5434934098633204,0.30377736334994476
0.0938888888888889,0.1586527189416677,0.5362576848849253,0.30508959617340703
0.0943939393939394,0.16458752165911886,0.5293883047482003,0.30602417359268086
0.0948989898989899,0.17051914840450097,0.5229194519829432,0.3065613996125558
0.09540404040404041,0.1764338086995251,0.5168836102163412,0.3066825810841337
0.09590909090909092,0.18231865396233635,0.5113109541548455,0.3063703918828181
0.09641414141414142,0.1881620162913064,0.506228637565158,0.3056093461435355
0.09691919191919193,0.19395363352858147,0.5016599885329973,0.30438637793842127
0.09742424242424244,0.19968485384291423,0.49762362890095496,0.3026915172561308
0.09792929292929294,0.20534881334013827,0.4941325438946339,0.3005186427652279
0.09843434343434344,0.21094058088932,0.49119313831825095,0.29786628079242905
0.09893939393939395,0.2164572654411065,0.4888043268713762,0.29473840768751725
0.09944444444444445,0.22189808255231738,0.4869567173641761,0.29114520008350653
0.09994949494949495,0.22726437851611211,0.48563195584801255,0.2871036656358753
0.10045454545454546,0.23255961230442987,0.4848023105826277,0.2826380771129424
0.10095959595959597,0.23778929735463097,0.48443057570297904,0.27778012694239
0.10146464646464648,0.2429609070256767,0.4844703735651597,0.27256871940916366
0.10196969696969699,0.2480837493481804,0.48486692505049,0.26704932560132955
0.10247474747474748,0.25316881861148066,0.4855583375758576,0.26127284381266175
0.10297979797979799,0.25822863350542197,0.4864774293452056,0.2552939371493724
0.10348484848484849,0.2632770739921409,0.48755406396609785,0.2491688620417613
0.103989898989899,0.2683292315272779,0.488717910982995,0.24295285748972717
0.1044949494949495,0.2734012887654243,0.48990147503541775,0.236697236199158
0.10500000000000001,0.2785104435176745,0.49104315024372097,0.23044640623860452
