Parameter,Value
Generation,8
Best Fitness,1.0614185334823159
Genome,"[2, 2, 2, 2, 2, 0, 0, 3, 1, 1, 3, 0, 1, 0, 3, 2, 0, 2, 3, 3, 2, 3, 0, 0, 3]"

Frequency,T,R,L
0.055,0.1291018042546817,0.41059171145785195,0.4603064842874664
0.05550505050505051,0.12198430362542274,0.41499486064554547,0.46302083572903174
0.05601010101010101,0.11715576691566253,0.419921328022586,0.46292290506175143
0.05651515151515152,0.11400608424908817,0.42574067106561814,0.46025324468529366
0.05702020202020202,0.11202584785775357,0.43268813738862777,0.45528601475361863
0.05752525252525253,0.1108041993495461,0.44091637861155103,0.44827942203890286
0.05803030303030303,0.11002053923750509,0.4505299854405034,0.4394494753219915
0.05853535353535354,0.10943266365110554,0.46160048261699305,0.42896685373190135
0.05904040404040404,0.10886258724715256,0.4741666106520073,0.4169708021008401
0.05954545454545455,0.10818154365986765,0.48822741860149804,0.4035910377386343
0.06005050505050505,0.10729605146783,0.5037349485929125,0.3889689999392575
0.06055555555555556,0.10613676344143365,0.5205907387610869,0.3732724977974795
0.061060606060606065,0.10465104067189475,0.5386475098145465,0.35670144951355875
0.06156565656565657,0.10279917706978946,0.5577152298131652,0.3394855931170453
0.062070707070707075,0.10055337339766661,0.5775696887292752,0.32187693787305827
0.06257575757575758,0.09789818713892372,0.5979617045704372,0.3041401082906391
0.06308080808080808,0.09483128917893381,0.618625781401991,0.2865429294190752
0.06358585858585859,0.09136377549442926,0.6392879895824355,0.2693482349231353
0.06409090909090909,0.08751977048206812,0.6596736159607604,0.2528066135571715
0.0645959595959596,0.08333541512791608,0.6795154497829436,0.23714913508914026
0.0651010101010101,0.0788574662325935,0.6985633382152572,0.22257919555214933
0.06560606060606061,0.07414167419039124,0.7165949777874461,0.20926334802216273
0.06611111111111112,0.06925096878133084,0.7334270748067527,0.1973219564119164
0.06661616161616161,0.06425338703074575,0.7489253379735756,0.18682127499567858
0.06712121212121212,0.05921969302638673,0.763011529734016,0.17776877723959728
0.06762626262626263,0.05422075592323529,0.7756661115930809,0.17011313248368387
0.06813131313131314,0.04932489779315375,0.7869257885056395,0.1637493137012067
0.06863636363636363,0.04459551279445937,0.7968762440488322,0.15852824315670844
0.06914141414141414,0.04008924263687289,0.8056412515907395,0.15426950577238763
0.06964646464646465,0.03585487619032603,0.8133698853015721,0.15077523850810193
0.07015151515151516,0.03193297536690509,0.82022361084599,0.14784341378710486
0.07065656565656567,0.02835608178381032,0.8263646450748368,0.14527927314135292
0.07116161616161616,0.02514927728466586,0.8319463076672824,0.14290441504805174
0.07166666666666667,0.022330867712262597,0.8371053814413634,0.14056375084637407
0.07217171717171718,0.019913011466889126,0.8419559733975729,0.13813101513553794
0.07267676767676767,0.017902185179971865,0.8465841682422744,0.13551364657775367
0.07318181818181818,0.016299437349208655,0.8510429214606158,0.13265764119017553
0.07368686868686869,0.015100416065817909,0.8553470720025548,0.1295525119316273
0.0741919191919192,0.014295178780419636,0.8594689090787625,0.12623591214081786
0.0746969696969697,0.013867820287317766,0.8633352170948613,0.12279696261782092
0.07520202020202021,0.013796004506620557,0.8668269826038736,0.11937701288950586
0.07570707070707071,0.01405055394921196,0.8697828766972275,0.11616656935356051
0.07621212121212122,0.014595316064204639,0.872007213112463,0.1133974708233324
0.07671717171717173,0.015387554454694877,0.8732824034288219,0.11133004211648323
0.07722222222222222,0.01637907519668266,0.8733851311992108,0.11023579360410651
0.07772727272727273,0.017518183374262874,0.8721047232076439,0.11037709341809321
0.07823232323232324,0.01875238981438527,0.869261673238752,0.11198593694686265
0.07873737373737374,0.020031596317060415,0.8647240875321502,0.11524431615078934
0.07924242424242425,0.021311335794562392,0.8584200141757503,0.12026865002968734
0.07974747474747476,0.022555581426374583,0.8503441556029577,0.12710026297066768
0.08025252525252526,0.02373869109842359,0.8405582431623418,0.13570306573923452
0.08075757575757576,0.024846210239118073,0.8291852342639954,0.1459685554968866
0.08126262626262627,0.025874475855850742,0.8163983246231231,0.1577271995210261
0.08176767676767677,0.026829187290967418,0.8024064170121527,0.17076439569687996
0.08227272727272728,0.027723277144070833,0.7874380582273632,0.1848386646285659
0.08277777777777778,0.02857449145885329,0.7717259019067166,0.1996996066344301
0.08328282828282829,0.0294030645140216,0.7554934837353697,0.21510345175060863
0.0837878787878788,0.030229772397897255,0.7389455647573022,0.23082466284480052
0.0842929292929293,0.03107451124416379,0.7222626067296225,0.24666288202621367
0.0847979797979798,0.03195541357575652,0.7055992170313561,0.26244536939288743
0.08530303030303031,0.03288842150739213,0.6890857739917391,0.2780258045008688
0.08580808080808082,0.0338871917177627,0.6728320349209713,0.293280773361266
0.08631313131313131,0.03496320882291617,0.6569314149749761,0.30810537620210776
0.08681818181818182,0.03612601386763717,0.6414648182194539,0.32240916791290897
0.08732323232323233,0.037383492973238966,0.6265033424804417,0.33611316454631934
0.08782828282828284,0.03874220217567297,0.6121097408051254,0.3491480570192017
0.08833333333333335,0.04020772078762495,0.5983390406754671,0.36145323853690803
0.08883838383838386,0.041785027591660605,0.585239039056723,0.3729759333516164
0.08934343434343435,0.04347888695466026,0.5728514026827559,0.3836697103625838
0.08984848484848486,0.04529422211104598,0.5612137979082781,0.393491979980676
0.09035353535353535,0.04723644618507223,0.550362950512849,0.4024006033020787
0.09085858585858586,0.0493117221866725,0.5403379795018319,0.4103502983114956
0.09136363636363637,0.05152713347921427,0.5311829821993034,0.4172898843214824
0.09186868686868688,0.05389076571630376,0.52294785269449,0.42316138158920624
0.09237373737373739,0.056411725770057354,0.5156867585542584,0.42790151567568424
0.0928787878787879,0.05910014400595825,0.5094544850572439,0.4314453709367979
0.0933838383838384,0.06196721170195002,0.5043017254897442,0.43373106280830576
0.0938888888888889,0.06502528543164197,0.5002709985137213,0.43470371605463676
0.0943939393939394,0.06828804316976028,0.4973948792555314,0.4343170775747083
0.0948989898989899,0.07177061487928658,0.49569746950208854,0.43253191561862486
0.09540404040404041,0.07548955925298265,0.4951986066783992,0.42931183406861817
0.09590909090909092,0.07946254918245257,0.49591863296117145,0.424618817856376
0.09641414141414142,0.08370768209347589,0.4978802615895854,0.4184120563169387
0.09691919191919193,0.08824244128187758,0.5011038785479229,0.41065368017019943
0.09742424242424244,0.09308245981025612,0.5055939736038507,0.4013235665858932
0.09792929292929294,0.09824031284844138,0.5113172888238109,0.39044239832774774
0.09843434343434344,0.10372452360279774,0.5181770470987705,0.37809842929843174
0.09893939393939395,0.10953878929931941,0.525991026472959,0.3644701842277216
0.09944444444444445,0.11568116626805071,0.5344827359463832,0.3498360977855661
0.09994949494949495,0.12214272119272189,0.5432932168192826,0.3345640619879956
0.10045454545454546,0.12890512006283997,0.55201558363151,0.31907929630565
0.10095959595959597,0.13593691104365024,0.5602462209229717,0.30381686803337804
0.10146464646464648,0.14318886528568522,0.5676379368418307,0.2891731978724841
0.10196969696969699,0.1505895013675362,0.5739347711077238,0.2754757275247399
0.10247474747474748,0.15804251359343385,0.5789690351038588,0.2629884513027074
0.10297979797979799,0.16542788705044598,0.5826106145633695,0.25196149838618453
0.10348484848484849,0.17260777580682116,0.5846758816604576,0.24271634253272123
0.103989898989899,0.17943680256223735,0.5848244271861672,0.2357387702515954
0.1044949494949495,0.18577473762889493,0.582488691769654,0.23173657060145103
0.10500000000000001,0.19149824675257732,0.5768855844961734,0.23161616875124924
